Time, Mag X, Mag Y, Mag Z, Accel X, Accel Y, Accel Z, Y, P, R, Temp (C), Pressure (kPa)
0.181254,  0.199,  0.270,  0.029,  0.074, -0.027, -9.475,  0.004, -0.001,  0.013, 25.500, 99.744
0.20189,  0.196,  0.275,  0.026,  0.081, -0.006, -9.425,  0.004,  0.001,  0.013, 25.500, 99.736
0.222399,  0.197,  0.278,  0.021, -0.011,  0.045, -9.418,  0.003, -0.001,  0.013, 25.500, 99.724
0.242713,  0.194,  0.272,  0.023,  0.092,  0.011, -9.438,  0.003, -0.001,  0.013, 25.500, 99.736
0.263086,  0.196,  0.275,  0.025,  0.016,  0.030, -9.411,  0.004, -0.000,  0.013, 25.500, 99.736
0.283693,  0.197,  0.275,  0.029,  0.042, -0.002, -9.437,  0.003,  0.001,  0.013, 25.500, 99.748
0.303961,  0.193,  0.272,  0.026,  0.065,  0.004, -9.414,  0.002, -0.001,  0.013, 25.500, 99.748
0.324432,  0.194,  0.286,  0.030, -0.014,  0.028, -9.441,  0.003, -0.001,  0.014, 25.500, 99.736
0.345459,  0.194,  0.273,  0.026,  0.092, -0.022, -9.462,  0.003,  0.001,  0.013, 25.500, 99.736
0.36638,  0.199,  0.272,  0.016,  0.022,  0.006, -9.484,  0.003, -0.001,  0.014, 25.500, 99.748
0.387234,  0.194,  0.271,  0.029,  0.073, -0.030, -9.481,  0.002, -0.001,  0.014, 25.500, 99.736
0.407863,  0.194,  0.269,  0.025,  0.058, -0.020, -9.474,  0.004, -0.000,  0.014, 25.500, 99.736
0.428559,  0.196,  0.273,  0.027,  0.044, -0.052, -9.417,  0.003, -0.000,  0.013, 25.500, 99.748
0.449819,  0.193,  0.283,  0.027,  0.102, -0.003, -9.463,  0.003, -0.001,  0.014, 25.500, 99.736
0.47053,  0.196,  0.275,  0.026,  0.009, -0.010, -9.425,  0.003, -0.001,  0.014, 25.500, 99.724
0.491466,  0.196,  0.277,  0.026,  0.110, -0.037, -9.434,  0.004, -0.001,  0.013, 25.500, 99.736
0.512163,  0.194,  0.280,  0.027,  0.008, -0.011, -9.455,  0.003,  0.001,  0.013, 25.500, 99.736
0.532311,  0.196,  0.271,  0.024,  0.065, -0.022, -9.439,  0.003, -0.000,  0.013, 25.500, 99.736
0.55249,  0.193,  0.272,  0.029,  0.060,  0.021, -9.456,  0.005,  0.001,  0.014, 25.500, 99.736
0.572721,  0.194,  0.273,  0.030,  0.017,  0.033, -9.444,  0.003, -0.001,  0.014, 25.500, 99.748
0.592914,  0.196,  0.272,  0.030,  0.093,  0.009, -9.422,  0.002, -0.001,  0.013, 25.500, 99.736
0.613115,  0.198,  0.270,  0.026, -0.015,  0.021, -9.452,  0.004,  0.001,  0.014, 25.500, 99.748
0.633271,  0.193,  0.272,  0.022,  0.046, -0.002, -9.473,  0.002,  0.000,  0.014, 25.500, 99.736
0.65351,  0.193,  0.271,  0.027, -0.000,  0.019, -9.470,  0.003,  0.001,  0.014, 25.500, 99.736
0.673689,  0.194,  0.281,  0.026, -0.004,  0.008, -9.436,  0.003, -0.001,  0.013, 25.600, 99.728
0.693927,  0.197,  0.278,  0.026,  0.053,  0.010, -9.453,  0.004,  0.001,  0.014, 25.500, 99.724
0.714158,  0.193,  0.276,  0.023, -0.016,  0.025, -9.459,  0.003,  0.000,  0.013, 25.500, 99.736
0.734209,  0.198,  0.276,  0.029,  0.115, -0.004, -9.457,  0.003, -0.000,  0.013, 25.500, 99.724
0.755078,  0.196,  0.283,  0.021, -0.026,  0.021, -9.449,  0.004, -0.000,  0.014, 25.500, 99.724
0.775684,  0.197,  0.269,  0.017,  0.065, -0.016, -9.451,  0.003, -0.001,  0.014, 25.500, 99.736
0.796501,  0.196,  0.272,  0.026,  0.044, -0.012, -9.446,  0.002, -0.002,  0.015, 25.500, 99.724
0.817227,  0.199,  0.271,  0.025,  0.028, -0.010, -9.486,  0.002, -0.001,  0.013, 25.600, 99.741
0.837833,  0.193,  0.275,  0.027,  0.116, -0.021, -9.451,  0.003,  0.001,  0.014, 25.500, 99.748
0.85874,  0.198,  0.273,  0.032, -0.001, -0.002, -9.451,  0.002, -0.001,  0.014, 25.500, 99.736
0.878783,  0.194,  0.275,  0.022,  0.138, -0.041, -9.433,  0.003, -0.000,  0.014, 25.500, 99.736
0.898984,  0.197,  0.272,  0.025,  0.035, -0.001, -9.442,  0.003,  0.000,  0.013, 25.500, 99.736
0.91926,  0.196,  0.278,  0.029,  0.069, -0.022, -9.472,  0.004, -0.001,  0.014, 25.500, 99.736
0.939461,  0.197,  0.268,  0.024,  0.094,  0.004, -9.461,  0.003, -0.001,  0.014, 25.600, 99.736
0.959437,  0.196,  0.271,  0.028,  0.020, -0.002, -9.474,  0.003, -0.000,  0.014, 25.500, 99.724
0.979766,  0.196,  0.272,  0.027,  0.093, -0.023, -9.433,  0.004, -0.000,  0.014, 25.500, 99.724
1.00041,  0.198,  0.285,  0.019, -0.003,  0.007, -9.417,  0.004, -0.001,  0.014, 25.500, 99.748
1.02066,  0.194,  0.273,  0.026,  0.003,  0.002, -9.419,  0.005,  0.000,  0.015, 25.500, 99.724
1.04062,  0.196,  0.269,  0.022,  0.089,  0.024, -9.420,  0.003,  0.001,  0.013, 25.600, 99.741
1.06131,  0.200,  0.273,  0.024, -0.020,  0.020, -9.465,  0.004, -0.001,  0.013, 25.500, 99.736
1.08202,  0.194,  0.273,  0.027,  0.098,  0.022, -9.438,  0.002, -0.000,  0.013, 25.600, 99.741
1.10279,  0.196,  0.273,  0.025, -0.011,  0.052, -9.437,  0.003,  0.000,  0.013, 25.500, 99.741
1.12382,  0.196,  0.272,  0.027,  0.051,  0.002, -9.476,  0.003, -0.000,  0.014, 25.500, 99.736
1.14466,  0.197,  0.273,  0.029,  0.033,  0.007, -9.448,  0.004, -0.002,  0.014, 25.500, 99.741
1.16534,  0.197,  0.275,  0.021,  0.017,  0.013, -9.479,  0.002, -0.000,  0.013, 25.500, 99.736
1.18543,  0.194,  0.273,  0.027,  0.085, -0.017, -9.474,  0.003, -0.000,  0.015, 25.500, 99.741
1.20559,  0.198,  0.273,  0.026, -0.020, -0.004, -9.441,  0.004, -0.000,  0.013, 25.500, 99.736
1.22577,  0.198,  0.273,  0.025,  0.074, -0.016, -9.438,  0.003, -0.002,  0.013, 25.600, 99.724
1.24561,  0.197,  0.270,  0.028, -0.003, -0.007, -9.504,  0.003, -0.001,  0.014, 25.500, 99.736
1.26594,  0.196,  0.275,  0.032,  0.058, -0.030, -9.500,  0.004, -0.000,  0.013, 25.600, 99.741
1.28611,  0.194,  0.272,  0.026,  0.081, -0.012, -9.483,  0.003, -0.000,  0.012, 25.600, 99.728
1.30631,  0.194,  0.273,  0.025, -0.004, -0.016, -9.435,  0.003, -0.000,  0.014, 25.600, 99.724
1.32631,  0.198,  0.276,  0.024,  0.113, -0.011, -9.440,  0.003, -0.001,  0.014, 25.500, 99.736
1.34675,  0.197,  0.270,  0.022,  0.007,  0.009, -9.443,  0.003, -0.001,  0.014, 25.600, 99.728
1.36711,  0.196,  0.286,  0.018,  0.080, -0.015, -9.427,  0.003, -0.001,  0.012, 25.600, 99.741
1.38771,  0.197,  0.270,  0.029,  0.029,  0.029, -9.437,  0.004, -0.000,  0.013, 25.500, 99.741
1.40847,  0.197,  0.273,  0.029,  0.034,  0.029, -9.440,  0.003,  0.001,  0.014, 25.600, 99.728
1.42906,  0.196,  0.271,  0.028,  0.084,  0.015, -9.432,  0.002,  0.000,  0.014, 25.500, 99.728
1.44936,  0.196,  0.273,  0.026, -0.012,  0.043, -9.428,  0.004,  0.000,  0.013, 25.600, 99.741
1.4695,  0.198,  0.272,  0.026,  0.089, -0.009, -9.452,  0.003,  0.001,  0.014, 25.600, 99.741
1.49006,  0.199,  0.283,  0.020, -0.013,  0.025, -9.485,  0.004,  0.000,  0.014, 25.600, 99.741
1.50973,  0.198,  0.275,  0.026,  0.047,  0.016, -9.412,  0.002,  0.000,  0.013, 25.600, 99.728
1.53038,  0.197,  0.272,  0.032,  0.039,  0.026, -9.464,  0.003,  0.000,  0.014, 25.600, 99.728
1.54985,  0.193,  0.272,  0.026, -0.016,  0.010, -9.462,  0.003, -0.000,  0.015, 25.600, 99.741
1.57062,  0.194,  0.282,  0.027,  0.086, -0.013, -9.399,  0.004, -0.001,  0.014, 25.600, 99.728
1.59042,  0.193,  0.275,  0.025, -0.006,  0.035, -9.410,  0.003,  0.000,  0.013, 25.600, 99.741
1.61124,  0.198,  0.275,  0.030,  0.087, -0.005, -9.422,  0.004,  0.001,  0.013, 25.600, 99.728
1.63102,  0.196,  0.275,  0.025,  0.045,  0.011, -9.480,  0.001, -0.001,  0.014, 25.600, 99.728
1.65153,  0.198,  0.267,  0.029,  0.059, -0.012, -9.442,  0.002, -0.000,  0.013, 25.600, 99.745
1.67223,  0.196,  0.281,  0.023,  0.060, -0.005, -9.499,  0.001,  0.000,  0.013, 25.600, 99.724
1.69251,  0.196,  0.271,  0.026,  0.015,  0.009, -9.427,  0.003, -0.002,  0.012, 25.600, 99.728
1.71283,  0.198,  0.276,  0.022,  0.106, -0.040, -9.454,  0.003, -0.001,  0.014, 25.600, 99.728
1.73303,  0.198,  0.275,  0.029, -0.006, -0.013, -9.496,  0.003, -0.000,  0.014, 25.600, 99.741
1.75284,  0.194,  0.271,  0.025,  0.135, -0.024, -9.456,  0.004,  0.000,  0.013, 25.600, 99.728
1.77293,  0.196,  0.281,  0.027,  0.047,  0.028, -9.458,  0.002, -0.001,  0.014, 25.600, 99.745
1.79275,  0.196,  0.277,  0.029,  0.093, -0.009, -9.462,  0.003, -0.002,  0.013, 25.600, 99.728
1.81247,  0.197,  0.273,  0.024,  0.094,  0.002, -9.453,  0.004,  0.000,  0.013, 25.600, 99.741
1.83279,  0.196,  0.273,  0.022,  0.006,  0.014, -9.441,  0.003,  0.001,  0.013, 25.600, 99.745
1.85319,  0.196,  0.276,  0.023,  0.091,  0.021, -9.430,  0.003, -0.001,  0.014, 25.600, 99.741
1.87383,  0.199,  0.271,  0.026,  0.006,  0.038, -9.440,  0.003, -0.001,  0.015, 25.600, 99.728
1.89425,  0.200,  0.276,  0.024,  0.074, -0.006, -9.432,  0.003,  0.000,  0.013, 25.600, 99.741
1.91596,  0.198,  0.271,  0.029, -0.001,  0.032, -9.448,  0.003, -0.000,  0.014, 25.600, 99.728
1.93673,  0.196,  0.268,  0.030,  0.018,  0.016, -9.433,  0.002,  0.001,  0.013, 25.600, 99.728
1.95676,  0.196,  0.285,  0.026,  0.083,  0.002, -9.446,  0.003,  0.000,  0.013, 25.600, 99.728
1.97725,  0.196,  0.268,  0.030, -0.021,  0.036, -9.456,  0.003, -0.000,  0.014, 25.600, 99.745
1.99707,  0.196,  0.273,  0.029,  0.081, -0.011, -9.452,  0.003, -0.001,  0.013, 25.600, 99.728
2.01719,  0.198,  0.270,  0.026,  0.004,  0.045, -9.453,  0.002,  0.000,  0.013, 25.600, 99.728
2.03723,  0.199,  0.273,  0.024,  0.080, -0.005, -9.468,  0.004, -0.001,  0.013, 25.600, 99.728
2.05726,  0.199,  0.273,  0.033,  0.023,  0.026, -9.492,  0.002, -0.001,  0.014, 25.600, 99.733
2.07754,  0.194,  0.273,  0.021,  0.037,  0.007, -9.467,  0.001, -0.002,  0.013, 25.600, 99.728
2.10576,  0.197,  0.273,  0.026,  0.078,  0.012, -9.469,  0.002,  0.001,  0.014, 25.600, 99.728
2.14677,  0.194,  0.277,  0.027,  0.007,  0.001, -9.427,  0.003,  0.001,  0.014, 25.600, 99.741
2.18893,  0.197,  0.271,  0.029,  0.111, -0.003, -9.453,  0.004, -0.001,  0.012, 25.600, 99.733
2.23126,  0.197,  0.272,  0.028,  0.003,  0.022, -9.475,  0.002, -0.001,  0.014, 25.600, 99.728
2.27173,  0.197,  0.292,  0.027,  0.072, -0.056, -9.479,  0.003, -0.001,  0.015, 25.600, 99.745
2.31251,  0.194,  0.271,  0.027,  0.070, -0.005, -9.484,  0.002,  0.000,  0.013, 25.600, 99.733
