Time, Mag X, Mag Y, Mag Z, Accel X, Accel Y, Accel Z, Y, P, R, Temp (C), Pressure (kPa)
40,  0.028,  0.478,  0.050,  0.001,  0.006, -9.482,  0.002, -0.001,  0.012, 30.900, 99.758
89,  0.024,  0.482,  0.046,  0.045, -0.002, -9.479,  0.003,  0.001,  0.012, 30.900, 99.762
139,  0.024,  0.479,  0.043, -0.066,  0.023, -9.515,  0.002,  0.000,  0.012, 30.900, 99.762
189,  0.026,  0.480,  0.049, -0.017, -0.015, -9.486,  0.002,  0.000,  0.013, 30.900, 99.758
239,  0.024,  0.487,  0.046, -0.044,  0.023, -9.510,  0.004, -0.001,  0.013, 30.900, 99.758
289,  0.023,  0.484,  0.049, -0.029,  0.015, -9.434,  0.004, -0.003,  0.013, 30.900, 99.758
339,  0.027,  0.482,  0.049, -0.017,  0.005, -9.477,  0.003, -0.002,  0.013, 30.900, 99.770
389,  0.026,  0.482,  0.048, -0.053,  0.025, -9.507,  0.002, -0.001,  0.012, 30.900, 99.750
439,  0.027,  0.494,  0.050,  0.001,  0.015, -9.477,  0.003,  0.000,  0.013, 30.900, 99.746
489,  0.026,  0.487,  0.045, -0.024, -0.001, -9.508,  0.002, -0.001,  0.012, 30.900, 99.750
539,  0.028,  0.483,  0.048,  0.027, -0.034, -9.487,  0.003, -0.002,  0.012, 30.900, 99.762
589,  0.024,  0.481,  0.053, -0.033,  0.025, -9.498,  0.002, -0.001,  0.013, 30.900, 99.762
639,  0.023,  0.482,  0.042,  0.023, -0.007, -9.480,  0.003, -0.002,  0.013, 30.900, 99.758
689,  0.024,  0.492,  0.050, -0.043,  0.032, -9.430,  0.002, -0.001,  0.013, 30.900, 99.762
739,  0.026,  0.486,  0.042,  0.046,  0.002, -9.485,  0.003, -0.001,  0.013, 30.900, 99.746
789,  0.025,  0.488,  0.046, -0.051,  0.032, -9.491,  0.003, -0.001,  0.012, 30.900, 99.775
839,  0.028,  0.484,  0.043,  0.041, -0.004, -9.497,  0.004, -0.001,  0.012, 30.900, 99.762
889,  0.024,  0.484,  0.047, -0.060,  0.012, -9.489,  0.002, -0.000,  0.011, 30.900, 99.758
939,  0.024,  0.484,  0.050,  0.033,  0.004, -9.451,  0.003, -0.002,  0.012, 30.900, 99.762
989,  0.024,  0.483,  0.049, -0.072,  0.018, -9.447,  0.002,  0.000,  0.012, 30.900, 99.746
1039,  0.028,  0.484,  0.049, -0.004, -0.002, -9.479,  0.002, -0.000,  0.013, 30.900, 99.762
1089,  0.027,  0.479,  0.048, -0.088,  0.021, -9.490,  0.003,  0.001,  0.013, 30.900, 99.775
1139,  0.027,  0.474,  0.040, -0.013,  0.011, -9.531,  0.001, -0.002,  0.013, 30.900, 99.758
1189,  0.026,  0.479,  0.041, -0.036,  0.043, -9.474,  0.004, -0.000,  0.013, 30.900, 99.762
1239,  0.026,  0.477,  0.045,  0.001, -0.046, -9.496,  0.003, -0.002,  0.012, 30.900, 99.758
1289,  0.028,  0.479,  0.044, -0.015, -0.001, -9.488,  0.002, -0.002,  0.012, 30.900, 99.750
1339,  0.028,  0.477,  0.048, -0.021, -0.004, -9.499,  0.003, -0.001,  0.013, 30.900, 99.758
1389,  0.028,  0.479,  0.037, -0.002,  0.024, -9.483,  0.003, -0.002,  0.013, 30.900, 99.762
1439,  0.024,  0.472,  0.041, -0.043,  0.049, -9.468,  0.003, -0.000,  0.013, 30.900, 99.746
1489,  0.028,  0.477,  0.048, -0.011,  0.018, -9.546,  0.004, -0.003,  0.012, 30.900, 99.762
1539,  0.029,  0.478,  0.046, -0.017,  0.008, -9.492,  0.002, -0.001,  0.012, 30.900, 99.770
1589,  0.031,  0.470,  0.049,  0.024,  0.031, -9.494,  0.003, -0.002,  0.012, 30.900, 99.762
1638,  0.031,  0.472,  0.049, -0.044,  0.020, -9.485,  0.004, -0.004,  0.012, 30.900, 99.762
1689,  0.031,  0.475,  0.051,  0.066, -0.020, -9.510,  0.004, -0.000,  0.014, 30.900, 99.762
1739,  0.031,  0.477,  0.051, -0.033,  0.013, -9.458,  0.002, -0.001,  0.013, 30.900, 99.758
1788,  0.033,  0.475,  0.045,  0.050, -0.007, -9.507,  0.004, -0.002,  0.012, 30.900, 99.758
1838,  0.033,  0.479,  0.044, -0.035,  0.029, -9.473,  0.003,  0.001,  0.013, 30.900, 99.750
1888,  0.034,  0.475,  0.048,  0.045, -0.006, -9.453,  0.003, -0.000,  0.012, 30.900, 99.750
1940,  0.032,  0.470,  0.044, -0.072,  0.018, -9.464,  0.003, -0.000,  0.013, 30.900, 99.762
1988,  0.032,  0.475,  0.048,  0.024, -0.003, -9.462,  0.003,  0.000,  0.012, 30.900, 99.758
2038,  0.034,  0.472,  0.040, -0.065,  0.019, -9.483,  0.002, -0.001,  0.012, 30.900, 99.758
2088,  0.029,  0.461,  0.048, -0.010,  0.010, -9.445,  0.003,  0.001,  0.012, 30.900, 99.762
2139,  0.028,  0.463,  0.049, -0.051,  0.030, -9.483,  0.004,  0.002,  0.014, 30.900, 99.775
2189,  0.027,  0.461,  0.052, -0.008,  0.008, -9.499,  0.003, -0.000,  0.013, 30.900, 99.762
2238,  0.029,  0.468,  0.047, -0.018,  0.037, -9.490,  0.003,  0.001,  0.013, 30.900, 99.762
2288,  0.027,  0.467,  0.053, -0.063,  0.004, -9.486,  0.002, -0.000,  0.013, 30.900, 99.770
2338,  0.026,  0.463,  0.053, -0.029,  0.023, -9.501,  0.002,  0.000,  0.012, 30.900, 99.758
2389,  0.026,  0.472,  0.057, -0.050,  0.011, -9.473,  0.003, -0.001,  0.011, 30.900, 99.758
2439,  0.026,  0.467,  0.055, -0.009,  0.032, -9.519,  0.002, -0.000,  0.012, 30.900, 99.762
2489,  0.028,  0.473,  0.057, -0.053,  0.004, -9.512,  0.002,  0.001,  0.013, 30.900, 99.758
2539,  0.027,  0.467,  0.055,  0.028,  0.013, -9.510,  0.004, -0.001,  0.013, 30.900, 99.775
2589,  0.027,  0.465,  0.044, -0.046,  0.001, -9.505,  0.002, -0.001,  0.012, 30.900, 99.758
2639,  0.024,  0.465,  0.053,  0.031, -0.011, -9.459,  0.003,  0.000,  0.011, 30.900, 99.758
2689,  0.028,  0.468,  0.052, -0.063,  0.028, -9.514,  0.002,  0.001,  0.013, 30.900, 99.750
2739,  0.027,  0.465,  0.057,  0.043, -0.006, -9.506,  0.002, -0.002,  0.013, 30.900, 99.758
2789,  0.027,  0.473,  0.056, -0.064,  0.037, -9.497,  0.003, -0.000,  0.012, 30.900, 99.762
2839,  0.024,  0.472,  0.052,  0.051,  0.004, -9.490,  0.003, -0.000,  0.013, 30.900, 99.762
2889,  0.027,  0.468,  0.051, -0.023,  0.027, -9.490,  0.001,  0.000,  0.013, 30.900, 99.762
2938,  0.028,  0.461,  0.054,  0.046, -0.031, -9.530,  0.002, -0.000,  0.013, 30.900, 99.762
2989,  0.027,  0.475,  0.054, -0.041,  0.007, -9.511,  0.003,  0.001,  0.013, 30.900, 99.762
3039,  0.024,  0.467,  0.059,  0.033,  0.018, -9.467,  0.003, -0.001,  0.013, 30.900, 99.758
3089,  0.028,  0.465,  0.052, -0.047,  0.031, -9.518,  0.002, -0.000,  0.013, 30.900, 99.762
3139,  0.032,  0.468,  0.049, -0.014, -0.007, -9.455,  0.003, -0.001,  0.013, 30.900, 99.750
3189,  0.027,  0.467,  0.052, -0.006,  0.008, -9.469,  0.004,  0.000,  0.012, 30.900, 99.750
3239,  0.028,  0.477,  0.046, -0.032,  0.002, -9.537,  0.004, -0.001,  0.013, 30.900, 99.758
3289,  0.026,  0.463,  0.053, -0.007,  0.048, -9.476,  0.004, -0.001,  0.012, 30.900, 99.758
3339,  0.027,  0.470,  0.048, -0.049, -0.013, -9.466,  0.002, -0.001,  0.012, 30.900, 99.762
3389,  0.026,  0.478,  0.052, -0.017,  0.021, -9.488,  0.004, -0.001,  0.013, 30.900, 99.775
3439,  0.028,  0.468,  0.049, -0.053,  0.029, -9.503,  0.001, -0.001,  0.014, 30.900, 99.770
3489,  0.028,  0.463,  0.052, -0.020,  0.012, -9.487,  0.002,  0.000,  0.013, 30.900, 99.762
3539,  0.028,  0.469,  0.053, -0.051,  0.018, -9.495,  0.003, -0.000,  0.012, 30.900, 99.750
3589,  0.026,  0.472,  0.049,  0.016,  0.007, -9.482,  0.003, -0.001,  0.012, 30.900, 99.750
3639,  0.027,  0.461,  0.051, -0.053,  0.033, -9.478,  0.002,  0.000,  0.012, 30.900, 99.758
3689,  0.027,  0.475,  0.052,  0.018, -0.000, -9.469,  0.003, -0.000,  0.012, 30.900, 99.750
3739,  0.029,  0.468,  0.048, -0.054,  0.054, -9.498,  0.002, -0.002,  0.012, 30.900, 99.762
3789,  0.028,  0.479,  0.050,  0.060, -0.022, -9.481,  0.003, -0.001,  0.012, 30.900, 99.758
3839,  0.027,  0.474,  0.053, -0.040,  0.023, -9.488,  0.003, -0.001,  0.013, 30.900, 99.750
3889,  0.027,  0.474,  0.049,  0.039, -0.011, -9.481,  0.003, -0.002,  0.012, 30.900, 99.762
3939,  0.027,  0.464,  0.053, -0.055,  0.038, -9.473,  0.002, -0.000,  0.014, 30.900, 99.750
3989,  0.026,  0.478,  0.048,  0.042, -0.009, -9.496,  0.001, -0.001,  0.012, 30.900, 99.775
4039,  0.027,  0.464,  0.052, -0.058,  0.023, -9.461,  0.002,  0.000,  0.012, 30.900, 99.770
4090,  0.028,  0.465,  0.049,  0.032, -0.006, -9.479,  0.003, -0.000,  0.013, 30.900, 99.758
4139,  0.029,  0.468,  0.048, -0.043,  0.040, -9.456,  0.003,  0.000,  0.013, 30.900, 99.775
4189,  0.023,  0.463,  0.057, -0.032,  0.024, -9.493,  0.003,  0.000,  0.012, 30.900, 99.758
4239,  0.029,  0.469,  0.055, -0.033,  0.023, -9.453,  0.004, -0.002,  0.013, 30.900, 99.758
4289,  0.026,  0.469,  0.052, -0.004,  0.019, -9.497,  0.003,  0.001,  0.013, 30.900, 99.758
4339,  0.029,  0.464,  0.049, -0.012,  0.017, -9.506,  0.003,  0.001,  0.013, 30.900, 99.746
4389,  0.026,  0.469,  0.044, -0.033,  0.012, -9.474,  0.003, -0.002,  0.014, 30.900, 99.758
4439,  0.031,  0.469,  0.053, -0.010,  0.003, -9.496,  0.001,  0.000,  0.012, 30.900, 99.750
4489,  0.031,  0.465,  0.054, -0.066, -0.005, -9.482,  0.002, -0.001,  0.011, 30.900, 99.775
4539,  0.031,  0.467,  0.049,  0.031,  0.005, -9.505,  0.003, -0.002,  0.012, 30.900, 99.762
4589,  0.026,  0.461,  0.053, -0.070,  0.019, -9.502,  0.003, -0.002,  0.013, 30.900, 99.758
4639,  0.027,  0.467,  0.048,  0.017,  0.003, -9.522,  0.003, -0.002,  0.013, 30.900, 99.775
4689,  0.027,  0.475,  0.050, -0.050,  0.032, -9.491,  0.002,  0.000,  0.012, 30.900, 99.758
4739,  0.029,  0.472,  0.051,  0.077, -0.016, -9.502,  0.003, -0.001,  0.011, 30.900, 99.758
4789,  0.026,  0.474,  0.053, -0.040,  0.039, -9.478,  0.004, -0.000,  0.012, 30.900, 99.762
4839,  0.024,  0.472,  0.054,  0.041, -0.020, -9.475,  0.002, -0.001,  0.013, 30.900, 99.762
4889,  0.028,  0.469,  0.049, -0.047,  0.030, -9.483,  0.002, -0.002,  0.013, 30.900, 99.750
4939,  0.028,  0.475,  0.051,  0.054, -0.012, -9.484,  0.002, -0.002,  0.013, 30.900, 99.762
4989,  0.027,  0.464,  0.051, -0.040,  0.021, -9.493,  0.002, -0.001,  0.013, 30.900, 99.750
5039,  0.029,  0.475,  0.052,  0.027, -0.005, -9.479,  0.003, -0.002,  0.014, 30.900, 99.762
5089,  0.031,  0.469,  0.058, -0.037,  0.025, -9.464,  0.003, -0.001,  0.013, 30.900, 99.762
5139,  0.026,  0.465,  0.052,  0.026, -0.011, -9.451,  0.003, -0.000,  0.012, 30.900, 99.762
5189,  0.029,  0.472,  0.049, -0.020,  0.014, -9.497,  0.003,  0.000,  0.014, 30.900, 99.775
5239,  0.029,  0.468,  0.055, -0.025,  0.001, -9.485,  0.002, -0.001,  0.012, 30.900, 99.758
5289,  0.028,  0.472,  0.044,  0.010,  0.009, -9.453,  0.003,  0.000,  0.013, 30.900, 99.750
5339,  0.026,  0.468,  0.052, -0.057,  0.013, -9.489,  0.002,  0.000,  0.012, 30.900, 99.762
5389,  0.028,  0.468,  0.052, -0.032,  0.005, -9.507,  0.003,  0.001,  0.013, 30.900, 99.762
5439,  0.029,  0.469,  0.052, -0.050,  0.005, -9.504,  0.002, -0.001,  0.013, 30.900, 99.758
5489,  0.029,  0.469,  0.053, -0.003,  0.021, -9.476,  0.003, -0.000,  0.012, 30.900, 99.750
5539,  0.029,  0.479,  0.046, -0.068,  0.013, -9.492,  0.002, -0.001,  0.012, 30.900, 99.746
5589,  0.027,  0.468,  0.057,  0.036,  0.020, -9.490,  0.002, -0.000,  0.012, 30.900, 99.762
5639,  0.031,  0.469,  0.048, -0.089,  0.047, -9.488,  0.002, -0.000,  0.013, 30.900, 99.762
5689,  0.030,  0.479,  0.053,  0.015, -0.004, -9.473,  0.003, -0.001,  0.012, 30.900, 99.758
5739,  0.028,  0.470,  0.049, -0.075,  0.048, -9.476,  0.003, -0.001,  0.013, 30.900, 99.762
5789,  0.029,  0.474,  0.060,  0.040, -0.016, -9.470,  0.002, -0.000,  0.013, 30.900, 99.762
5838,  0.031,  0.468,  0.049, -0.063,  0.037, -9.504,  0.003, -0.000,  0.012, 30.900, 99.762
5888,  0.028,  0.468,  0.052,  0.016, -0.033, -9.476,  0.002, -0.001,  0.012, 30.900, 99.762
5939,  0.034,  0.470,  0.051, -0.038,  0.029, -9.514,  0.003, -0.002,  0.012, 30.900, 99.750
5989,  0.028,  0.474,  0.055,  0.040, -0.039, -9.477,  0.002, -0.002,  0.011, 30.900, 99.762
6039,  0.028,  0.470,  0.052, -0.046,  0.028, -9.484,  0.002, -0.000,  0.013, 30.900, 99.758
6089,  0.030,  0.483,  0.053,  0.017, -0.017, -9.496,  0.002, -0.002,  0.013, 30.900, 99.762
6139,  0.028,  0.474,  0.051, -0.039,  0.025, -9.480,  0.004, -0.001,  0.012, 30.900, 99.750
6189,  0.028,  0.472,  0.057, -0.003, -0.013, -9.483,  0.004,  0.001,  0.012, 30.900, 99.762
6239,  0.031,  0.473,  0.057, -0.006,  0.024, -9.483,  0.002, -0.002,  0.013, 30.900, 99.770
6289,  0.032,  0.474,  0.059, -0.017,  0.018, -9.480,  0.004, -0.001,  0.012, 30.900, 99.746
6339,  0.028,  0.474,  0.053, -0.002,  0.016, -9.446,  0.003, -0.001,  0.012, 30.900, 99.746
6389,  0.033,  0.465,  0.052, -0.028, -0.012, -9.490,  0.003, -0.001,  0.013, 30.900, 99.762
6439,  0.028,  0.468,  0.055,  0.015,  0.016, -9.475,  0.004, -0.002,  0.013, 30.900, 99.762
6489,  0.029,  0.469,  0.051, -0.060,  0.029, -9.469,  0.003,  0.001,  0.013, 30.900, 99.762
6539,  0.029,  0.470,  0.060,  0.017,  0.046, -9.492,  0.003,  0.000,  0.013, 30.900, 99.762
6589,  0.028,  0.475,  0.048, -0.099,  0.013, -9.493,  0.003, -0.001,  0.012, 30.900, 99.750
6639,  0.023,  0.470,  0.054,  0.031,  0.031, -9.499,  0.002, -0.001,  0.013, 30.900, 99.762
6689,  0.026,  0.473,  0.053, -0.075,  0.032, -9.474,  0.002, -0.001,  0.012, 30.900, 99.750
6739,  0.028,  0.469,  0.052,  0.021, -0.028, -9.501,  0.003, -0.001,  0.013, 30.900, 99.750
6789,  0.032,  0.472,  0.052, -0.086,  0.022, -9.492,  0.002, -0.002,  0.014, 30.900, 99.758
6839,  0.028,  0.472,  0.055,  0.044,  0.002, -9.461,  0.003, -0.001,  0.012, 30.900, 99.762
6889,  0.028,  0.473,  0.056, -0.091,  0.030, -9.478,  0.003, -0.002,  0.013, 30.900, 99.775
6939,  0.032,  0.468,  0.051,  0.008, -0.017, -9.528,  0.001, -0.001,  0.013, 30.900, 99.762
6989,  0.029,  0.470,  0.047, -0.047,  0.037, -9.492,  0.001,  0.000,  0.013, 30.900, 99.750
7039,  0.029,  0.474,  0.044,  0.025, -0.016, -9.527,  0.002, -0.000,  0.013, 30.900, 99.750
7089,  0.029,  0.473,  0.047, -0.049, -0.011, -9.507,  0.003, -0.002,  0.012, 30.900, 99.762
7139,  0.028,  0.470,  0.048,  0.013,  0.010, -9.472,  0.003, -0.001,  0.013, 30.900, 99.758
7189,  0.027,  0.479,  0.056,  0.012, -0.018, -9.466,  0.003, -0.001,  0.013, 30.900, 99.750
7239,  0.031,  0.473,  0.044,  0.004,  0.008, -9.502,  0.003, -0.002,  0.014, 30.900, 99.762
7289,  0.026,  0.468,  0.052,  0.005,  0.033, -9.508,  0.003,  0.000,  0.013, 30.900, 99.762
7339,  0.028,  0.469,  0.051, -0.010,  0.015, -9.457,  0.004,  0.000,  0.013, 30.900, 99.762
7389,  0.029,  0.465,  0.051,  0.010,  0.016, -9.495,  0.003, -0.001,  0.012, 30.900, 99.746
7439,  0.028,  0.469,  0.051, -0.033,  0.027, -9.499,  0.003, -0.000,  0.012, 30.900, 99.750
7488,  0.028,  0.469,  0.051,  0.017,  0.034, -9.452,  0.004, -0.001,  0.012, 30.900, 99.746
7539,  0.028,  0.470,  0.047, -0.085,  0.012, -9.518,  0.003,  0.001,  0.013, 30.900, 99.750
7588,  0.031,  0.467,  0.051,  0.001,  0.012, -9.502,  0.003, -0.000,  0.012, 30.900, 99.750
7639,  0.028,  0.470,  0.055, -0.071,  0.020, -9.487,  0.002, -0.000,  0.012, 30.900, 99.746
7688,  0.031,  0.473,  0.051,  0.016, -0.001, -9.479,  0.004, -0.001,  0.012, 30.900, 99.758
7738,  0.027,  0.469,  0.053, -0.082,  0.024, -9.481,  0.003, -0.001,  0.013, 30.900, 99.762
7790,  0.029,  0.468,  0.048,  0.014, -0.029, -9.544,  0.001, -0.001,  0.013, 30.900, 99.762
7839,  0.023,  0.472,  0.057, -0.065,  0.017, -9.478,  0.004, -0.001,  0.013, 30.900, 99.750
7889,  0.028,  0.470,  0.043,  0.022, -0.005, -9.499,  0.003,  0.001,  0.012, 30.900, 99.750
7938,  0.028,  0.472,  0.055, -0.036,  0.034, -9.491,  0.003, -0.002,  0.012, 30.900, 99.762
7988,  0.029,  0.472,  0.052,  0.036, -0.037, -9.490,  0.004, -0.000,  0.012, 30.900, 99.762
8040,  0.028,  0.470,  0.051, -0.028,  0.052, -9.503,  0.003, -0.001,  0.012, 30.900, 99.762
8089,  0.028,  0.468,  0.052,  0.013, -0.002, -9.487,  0.003,  0.001,  0.013, 30.900, 99.738
8138,  0.028,  0.470,  0.052, -0.014,  0.023, -9.511,  0.002,  0.000,  0.013, 30.900, 99.746
8189,  0.027,  0.467,  0.045, -0.008, -0.034, -9.485,  0.003, -0.001,  0.013, 30.900, 99.775
8238,  0.029,  0.474,  0.053, -0.038,  0.022, -9.563,  0.003, -0.002,  0.012, 30.900, 99.762
8289,  0.028,  0.467,  0.051,  0.001, -0.014, -9.478,  0.002, -0.001,  0.012, 30.900, 99.762
8339,  0.029,  0.477,  0.052, -0.017,  0.018, -9.489,  0.003, -0.000,  0.013, 30.900, 99.746
8388,  0.026,  0.467,  0.053, -0.027,  0.001, -9.480,  0.003, -0.001,  0.012, 30.900, 99.750
8440,  0.027,  0.461,  0.047,  0.005,  0.006, -9.484,  0.002, -0.002,  0.013, 30.900, 99.762
8489,  0.023,  0.464,  0.047, -0.037,  0.008, -9.507,  0.004, -0.001,  0.013, 30.900, 99.762
8539,  0.027,  0.468,  0.048,  0.038, -0.025, -9.485,  0.003, -0.004,  0.013, 30.900, 99.746
8589,  0.027,  0.464,  0.053, -0.093,  0.009, -9.477,  0.003, -0.001,  0.013, 30.900, 99.750
8639,  0.024,  0.466,  0.042,  0.037,  0.004, -9.494,  0.002, -0.000,  0.012, 30.900, 99.750
8689,  0.028,  0.469,  0.051, -0.089,  0.019, -9.495,  0.003, -0.004,  0.013, 30.900, 99.762
8739,  0.027,  0.477,  0.049,  0.040,  0.020, -9.434,  0.003, -0.003,  0.012, 30.900, 99.762
8789,  0.028,  0.469,  0.055, -0.094,  0.021, -9.470,  0.002, -0.001,  0.014, 30.900, 99.750
8839,  0.026,  0.469,  0.048,  0.035, -0.003, -9.506,  0.003, -0.000,  0.013, 30.900, 99.762
8889,  0.027,  0.465,  0.053, -0.054,  0.030, -9.499,  0.004, -0.002,  0.013, 30.900, 99.750
8939,  0.026,  0.465,  0.053,  0.007, -0.001, -9.505,  0.004, -0.002,  0.013, 30.900, 99.775
8989,  0.031,  0.470,  0.044, -0.062,  0.035, -9.474,  0.003,  0.000,  0.013, 30.900, 99.762
9039,  0.028,  0.464,  0.055,  0.028, -0.018, -9.455,  0.003, -0.003,  0.012, 30.900, 99.762
9089,  0.032,  0.467,  0.049, -0.023,  0.028, -9.486,  0.003, -0.002,  0.014, 30.900, 99.762
9139,  0.024,  0.463,  0.057,  0.012, -0.029, -9.498,  0.003, -0.000,  0.012, 30.900, 99.775
9189,  0.031,  0.469,  0.049, -0.025,  0.036, -9.476,  0.002,  0.000,  0.012, 30.900, 99.762
9239,  0.026,  0.464,  0.052, -0.012, -0.031, -9.508,  0.003, -0.002,  0.013, 30.900, 99.758
9289,  0.032,  0.465,  0.051,  0.006,  0.035, -9.446,  0.003, -0.001,  0.013, 30.900, 99.762
9339,  0.028,  0.475,  0.044, -0.020,  0.006, -9.449,  0.003, -0.001,  0.013, 30.900, 99.770
9389,  0.031,  0.472,  0.053, -0.009,  0.025, -9.448,  0.004,  0.000,  0.013, 30.900, 99.758
9439,  0.029,  0.468,  0.052, -0.031,  0.018, -9.490,  0.004, -0.001,  0.012, 30.900, 99.762
9489,  0.031,  0.464,  0.052, -0.004,  0.039, -9.494,  0.002, -0.001,  0.013, 30.900, 99.762
9539,  0.032,  0.467,  0.055, -0.053,  0.034, -9.472,  0.003,  0.000,  0.013, 30.900, 99.762
9589,  0.029,  0.468,  0.053,  0.006, -0.015, -9.506,  0.003, -0.001,  0.013, 30.900, 99.762
9639,  0.032,  0.467,  0.048, -0.036,  0.050, -9.484,  0.004,  0.000,  0.013, 30.900, 99.762
9689,  0.028,  0.469,  0.052, -0.006,  0.000, -9.448,  0.002, -0.000,  0.012, 30.900, 99.750
9739,  0.032,  0.468,  0.049, -0.089,  0.024, -9.481,  0.003,  0.001,  0.013, 30.900, 99.762
9789,  0.031,  0.467,  0.052,  0.013,  0.015, -9.413,  0.002, -0.000,  0.013, 30.900, 99.750
9839,  0.029,  0.470,  0.048, -0.108,  0.029, -9.495,  0.003, -0.002,  0.014, 30.900, 99.750
9889,  0.028,  0.473,  0.052,  0.024,  0.022, -9.492,  0.003, -0.002,  0.013, 30.900, 99.750
9939,  0.031,  0.472,  0.049, -0.089,  0.035, -9.510,  0.004, -0.002,  0.013, 30.900, 99.750
9989,  0.029,  0.467,  0.049,  0.015,  0.005, -9.482,  0.003, -0.000,  0.013, 30.900, 99.762
