Time, Mag X, Mag Y, Mag Z, Accel X, Accel Y, Accel Z, Y, P, R, Temp (C), Pressure (kPa)
0.130631,  0.207,  0.260,  0.025,  0.004,  0.051, -9.438,  0.003, -0.001,  0.013, 28.000, 99.740
0.153872,  0.205,  0.263,  0.027,  0.073, -0.021, -9.436,  0.004, -0.000,  0.013, 28.000, 99.728
0.17447,  0.207,  0.259,  0.026,  0.036,  0.023, -9.444,  0.003, -0.001,  0.012, 28.000, 99.732
0.194957,  0.207,  0.263,  0.026, -0.011,  0.001, -9.448,  0.003, -0.001,  0.013, 28.000, 99.745
0.215083,  0.204,  0.268,  0.026,  0.081,  0.002, -9.467,  0.003,  0.000,  0.012, 28.000, 99.745
0.235847,  0.205,  0.268,  0.030, -0.045,  0.015, -9.487,  0.003, -0.000,  0.013, 28.000, 99.732
0.25685,  0.205,  0.273,  0.023,  0.092,  0.012, -9.476,  0.002, -0.000,  0.015, 28.000, 99.740
0.276954,  0.210,  0.254,  0.025,  0.029,  0.034, -9.437,  0.005, -0.000,  0.014, 28.000, 99.732
0.297245,  0.206,  0.264,  0.022,  0.012, -0.001, -9.425,  0.003,  0.000,  0.014, 28.000, 99.728
0.317641,  0.205,  0.258,  0.029,  0.065, -0.001, -9.455,  0.004, -0.001,  0.014, 28.000, 99.728
0.338082,  0.206,  0.259,  0.026,  0.028,  0.002, -9.475,  0.003, -0.001,  0.013, 28.000, 99.740
0.358216,  0.204,  0.260,  0.022,  0.101, -0.004, -9.434,  0.003, -0.001,  0.013, 28.000, 99.728
0.37916,  0.206,  0.259,  0.025,  0.040,  0.023, -9.468,  0.002, -0.002,  0.013, 28.000, 99.745
0.399714,  0.207,  0.268,  0.022,  0.023,  0.029, -9.435,  0.003,  0.001,  0.012, 28.000, 99.728
0.42011,  0.206,  0.262,  0.026,  0.095, -0.021, -9.440,  0.003, -0.001,  0.013, 28.000, 99.740
0.440116,  0.208,  0.262,  0.022,  0.027,  0.038, -9.468,  0.005, -0.000,  0.013, 28.000, 99.752
0.460504,  0.206,  0.263,  0.029,  0.072, -0.042, -9.472,  0.001,  0.001,  0.013, 28.000, 99.732
0.480878,  0.208,  0.260,  0.027,  0.077,  0.028, -9.442,  0.003, -0.000,  0.012, 28.000, 99.732
0.501199,  0.211,  0.259,  0.029,  0.031,  0.024, -9.445,  0.002, -0.000,  0.014, 28.000, 99.732
0.521528,  0.204,  0.262,  0.022,  0.104, -0.011, -9.460,  0.004, -0.001,  0.013, 28.000, 99.728
0.541939,  0.208,  0.259,  0.018, -0.001,  0.033, -9.494,  0.002,  0.001,  0.013, 28.000, 99.732
0.56226,  0.211,  0.263,  0.019,  0.068, -0.000, -9.469,  0.003, -0.001,  0.014, 28.000, 99.728
0.582731,  0.206,  0.254,  0.025,  0.106,  0.016, -9.425,  0.002, -0.000,  0.013, 28.000, 99.728
0.603615,  0.206,  0.262,  0.026,  0.025,  0.058, -9.452,  0.005, -0.002,  0.012, 28.000, 99.745
0.624402,  0.210,  0.260,  0.019,  0.113, -0.078, -9.470,  0.004, -0.002,  0.013, 28.000, 99.732
0.645135,  0.205,  0.257,  0.029, -0.020,  0.045, -9.452,  0.004, -0.002,  0.014, 28.000, 99.728
0.665952,  0.210,  0.257,  0.023,  0.056, -0.032, -9.444,  0.004,  0.000,  0.014, 28.000, 99.732
0.686265,  0.208,  0.260,  0.025,  0.045,  0.014, -9.455,  0.003, -0.001,  0.013, 28.000, 99.732
0.706609,  0.211,  0.260,  0.023,  0.047,  0.024, -9.420,  0.004, -0.001,  0.013, 28.000, 99.732
0.729774,  0.206,  0.260,  0.026,  0.082,  0.008, -9.496,  0.003,  0.001,  0.013, 28.000, 99.732
0.750133,  0.210,  0.262,  0.023,  0.034, -0.019, -9.485,  0.003,  0.001,  0.014, 28.000, 99.745
0.771219,  0.207,  0.260,  0.031,  0.099,  0.025, -9.443,  0.002, -0.002,  0.013, 28.000, 99.745
0.792036,  0.206,  0.259,  0.025,  0.009,  0.015, -9.462,  0.005, -0.001,  0.013, 28.000, 99.740
0.812942,  0.206,  0.268,  0.018,  0.035, -0.032, -9.484,  0.004,  0.001,  0.014, 28.000, 99.745
0.833083,  0.207,  0.260,  0.017,  0.069,  0.026, -9.431,  0.002, -0.001,  0.014, 28.000, 99.745
0.853592,  0.208,  0.258,  0.025, -0.004,  0.025, -9.430,  0.001, -0.001,  0.013, 28.000, 99.745
0.874791,  0.208,  0.258,  0.023,  0.039,  0.036, -9.422,  0.005, -0.001,  0.013, 28.000, 99.732
0.896253,  0.207,  0.258,  0.023,  0.038,  0.008, -9.392,  0.004, -0.001,  0.013, 28.000, 99.732
0.917707,  0.208,  0.275,  0.028,  0.018,  0.004, -9.457,  0.001, -0.001,  0.012, 28.000, 99.732
0.939724,  0.208,  0.255,  0.025,  0.055, -0.003, -9.501,  0.003,  0.000,  0.014, 28.000, 99.745
0.962559,  0.208,  0.259,  0.017,  0.009, -0.004, -9.440,  0.001, -0.000,  0.014, 28.000, 99.732
0.991037,  0.212,  0.265,  0.025,  0.090, -0.013, -9.432,  0.004,  0.001,  0.014, 28.000, 99.732
1.01299,  0.212,  0.262,  0.026, -0.010,  0.024, -9.468,  0.003, -0.000,  0.014, 28.000, 99.745
1.03434,  0.211,  0.263,  0.023,  0.059, -0.061, -9.434,  0.004,  0.000,  0.012, 28.000, 99.745
1.0551,  0.205,  0.260,  0.023,  0.036,  0.039, -9.454,  0.003,  0.001,  0.014, 28.000, 99.732
1.07546,  0.208,  0.259,  0.017,  0.021, -0.007, -9.449,  0.004, -0.000,  0.013, 28.000, 99.732
1.09658,  0.207,  0.268,  0.016,  0.068,  0.006, -9.456,  0.002,  0.000,  0.013, 28.000, 99.745
1.11685,  0.207,  0.259,  0.023, -0.028,  0.013, -9.480,  0.003,  0.002,  0.014, 28.000, 99.732
1.13891,  0.207,  0.268,  0.020,  0.101, -0.016, -9.461,  0.002, -0.001,  0.014, 28.000, 99.745
1.15977,  0.207,  0.258,  0.022,  0.028,  0.031, -9.503,  0.003, -0.001,  0.013, 28.000, 99.745
1.18187,  0.208,  0.255,  0.029,  0.041, -0.003, -9.493,  0.004,  0.000,  0.012, 28.000, 99.745
1.20312,  0.210,  0.258,  0.031,  0.098,  0.005, -9.434,  0.004,  0.000,  0.014, 28.000, 99.732
1.22542,  0.210,  0.257,  0.023,  0.011,  0.020, -9.478,  0.002, -0.001,  0.013, 28.000, 99.732
1.24552,  0.207,  0.258,  0.025,  0.101, -0.013, -9.474,  0.004, -0.002,  0.013, 28.000, 99.745
1.26696,  0.210,  0.258,  0.022,  0.020,  0.001, -9.487,  0.003, -0.001,  0.012, 28.000, 99.732
1.28792,  0.209,  0.270,  0.016,  0.105, -0.036, -9.491,  0.003, -0.002,  0.013, 28.000, 99.732
1.30919,  0.211,  0.250,  0.025,  0.090, -0.009, -9.452,  0.003, -0.001,  0.012, 28.000, 99.732
1.32991,  0.211,  0.263,  0.029,  0.053,  0.017, -9.481,  0.002,  0.000,  0.013, 28.000, 99.732
1.35151,  0.208,  0.260,  0.015,  0.106,  0.004, -9.462,  0.002, -0.001,  0.013, 28.000, 99.732
1.37177,  0.211,  0.254,  0.021, -0.003,  0.027, -9.478,  0.002, -0.000,  0.014, 28.000, 99.745
1.39256,  0.208,  0.263,  0.025,  0.062, -0.007, -9.472,  0.004, -0.000,  0.013, 28.000, 99.745
1.41257,  0.211,  0.259,  0.030,  0.013,  0.032, -9.470,  0.003, -0.001,  0.013, 28.000, 99.732
1.43284,  0.208,  0.260,  0.026, -0.008,  0.002, -9.420,  0.003, -0.000,  0.013, 28.000, 99.732
1.45319,  0.207,  0.260,  0.025,  0.048,  0.006, -9.480,  0.003, -0.000,  0.013, 28.100, 99.749
1.47325,  0.211,  0.262,  0.025,  0.001,  0.002, -9.462,  0.003, -0.000,  0.013, 28.000, 99.737
1.49329,  0.205,  0.257,  0.025,  0.102,  0.022, -9.490,  0.002, -0.001,  0.013, 28.000, 99.732
1.5147,  0.207,  0.258,  0.027,  0.045, -0.005, -9.481,  0.003, -0.001,  0.013, 28.000, 99.745
1.53511,  0.206,  0.262,  0.027,  0.058,  0.006, -9.493,  0.002, -0.000,  0.013, 28.000, 99.732
1.55575,  0.206,  0.259,  0.022,  0.013,  0.026, -9.484,  0.004,  0.001,  0.014, 28.000, 99.745
1.57689,  0.208,  0.260,  0.018,  0.022,  0.006, -9.471,  0.003, -0.002,  0.012, 28.000, 99.720
1.59774,  0.210,  0.263,  0.022,  0.090,  0.002, -9.461,  0.003, -0.001,  0.013, 28.000, 99.720
1.6187,  0.212,  0.260,  0.021, -0.018,  0.028, -9.470,  0.003, -0.000,  0.012, 28.000, 99.732
1.63937,  0.208,  0.259,  0.027,  0.091, -0.014, -9.450,  0.003, -0.001,  0.013, 28.000, 99.732
1.65981,  0.211,  0.263,  0.026,  0.034,  0.009, -9.465,  0.003, -0.000,  0.013, 28.000, 99.732
1.67999,  0.211,  0.258,  0.019,  0.014,  0.011, -9.448,  0.003,  0.001,  0.013, 28.000, 99.745
1.70021,  0.212,  0.258,  0.026,  0.094,  0.012, -9.495,  0.004, -0.001,  0.012, 28.000, 99.732
1.72009,  0.207,  0.260,  0.021, -0.008,  0.020, -9.447,  0.003, -0.001,  0.013, 28.000, 99.732
1.74054,  0.207,  0.260,  0.027,  0.111,  0.001, -9.485,  0.003, -0.001,  0.013, 28.100, 99.737
1.76121,  0.208,  0.255,  0.025,  0.049,  0.015, -9.472,  0.002,  0.000,  0.013, 28.000, 99.732
1.78144,  0.208,  0.258,  0.023,  0.045, -0.031, -9.450,  0.004, -0.001,  0.013, 28.000, 99.732
1.80186,  0.207,  0.262,  0.026,  0.081,  0.018, -9.452,  0.003, -0.001,  0.012, 28.000, 99.732
1.82239,  0.210,  0.258,  0.013, -0.004,  0.008, -9.438,  0.003, -0.000,  0.012, 28.000, 99.745
1.84293,  0.208,  0.267,  0.023,  0.084, -0.006, -9.445,  0.002,  0.000,  0.013, 28.000, 99.720
1.86382,  0.206,  0.255,  0.029,  0.002,  0.041, -9.475,  0.002, -0.001,  0.013, 28.000, 99.745
1.8849,  0.210,  0.257,  0.022,  0.062, -0.000, -9.474,  0.002,  0.000,  0.013, 28.000, 99.732
1.90706,  0.210,  0.255,  0.027,  0.064,  0.014, -9.476,  0.002, -0.001,  0.012, 28.000, 99.732
1.92856,  0.207,  0.258,  0.026, -0.031,  0.018, -9.411,  0.002, -0.000,  0.012, 28.000, 99.749
1.94955,  0.208,  0.259,  0.023,  0.093, -0.026, -9.456,  0.003, -0.000,  0.012, 28.000, 99.732
1.97084,  0.207,  0.264,  0.024,  0.004,  0.053, -9.482,  0.003, -0.000,  0.015, 28.000, 99.732
1.99145,  0.208,  0.258,  0.025,  0.054, -0.002, -9.462,  0.003, -0.001,  0.013, 28.100, 99.749
2.01267,  0.207,  0.259,  0.029,  0.031,  0.027, -9.511,  0.004, -0.000,  0.013, 28.000, 99.732
2.03375,  0.210,  0.263,  0.023,  0.007,  0.020, -9.498,  0.003, -0.000,  0.012, 28.100, 99.737
2.05453,  0.207,  0.257,  0.022,  0.117,  0.001, -9.467,  0.003, -0.002,  0.014, 28.100, 99.745
2.07558,  0.207,  0.262,  0.029, -0.007,  0.034, -9.474,  0.004, -0.000,  0.013, 28.000, 99.732
2.09623,  0.211,  0.254,  0.026,  0.099, -0.014, -9.460,  0.003, -0.000,  0.013, 28.000, 99.745
2.11639,  0.208,  0.264,  0.025,  0.028,  0.011, -9.480,  0.002, -0.002,  0.014, 28.000, 99.732
2.13702,  0.212,  0.258,  0.027,  0.042, -0.010, -9.452,  0.003, -0.001,  0.012, 28.000, 99.732
2.15746,  0.208,  0.259,  0.011,  0.056,  0.029, -9.472,  0.003, -0.000,  0.012, 28.100, 99.749
2.17875,  0.211,  0.257,  0.023, -0.011, -0.014, -9.472,  0.004, -0.000,  0.013, 28.000, 99.720
2.21171,  0.206,  0.262,  0.027,  0.110, -0.018, -9.460,  0.003, -0.000,  0.013, 28.000, 99.732
