Time, MagX, MagY, MagZ, AccelX, AccelY, AccelZ, Yaw, Pitch, Roll, Temperature, Pressure, Altitude
39,  0.493, -0.039,  0.197, -0.222, -0.024, -9.523,  0.001, -0.001,  0.013, 30.600, 99.657,  0.679,
87,  0.499, -0.044,  0.201, -0.151,  0.004, -9.489,  0.002, -0.001,  0.013, 30.600, 99.669,  0.568,
137,  0.496, -0.040,  0.202, -0.200,  0.006, -9.471,  0.002, -0.000,  0.015, 30.600, 99.657,  0.679,
187,  0.496, -0.034,  0.201, -0.121, -0.052, -9.515,  0.002, -0.001,  0.016, 30.600, 99.657,  0.679,
237,  0.496, -0.043,  0.198, -0.197, -0.015, -9.487,  0.002, -0.001,  0.016, 30.600, 99.657,  0.679,
287,  0.495, -0.044,  0.202, -0.136, -0.050, -9.495,  0.003, -0.002,  0.014, 30.600, 99.645,  0.791,
337,  0.493, -0.044,  0.204, -0.211, -0.027, -9.474,  0.002, -0.001,  0.011, 30.600, 99.657,  0.679,
387,  0.495, -0.043,  0.195, -0.140,  0.001, -9.509,  0.003, -0.001,  0.012, 30.600, 99.657,  0.679,
437,  0.495, -0.043,  0.201, -0.175, -0.031, -9.484,  0.002, -0.002,  0.012, 30.600, 99.645,  0.791,
487,  0.499, -0.040,  0.196, -0.205,  0.013, -9.469,  0.003, -0.002,  0.014, 30.600, 99.657,  0.679,
537,  0.498, -0.045,  0.204, -0.121, -0.054, -9.503,  0.003, -0.001,  0.015, 30.600, 99.657,  0.679,
587,  0.495, -0.044,  0.198, -0.204,  0.017, -9.464,  0.002, -0.000,  0.013, 30.600, 99.657,  0.679,
637,  0.497, -0.043,  0.200, -0.121, -0.033, -9.511,  0.003, -0.002,  0.012, 30.600, 99.674,  0.521,
687,  0.496, -0.035,  0.199, -0.226, -0.003, -9.542,  0.003, -0.001,  0.011, 30.600, 99.653,  0.716,
737,  0.497, -0.042,  0.206, -0.133, -0.032, -9.514,  0.002, -0.001,  0.014, 30.600, 99.657,  0.679,
787,  0.496, -0.036,  0.205, -0.182, -0.020, -9.506,  0.002, -0.001,  0.010, 30.600, 99.657,  0.679,
837,  0.495, -0.039,  0.198, -0.166, -0.031, -9.484,  0.002, -0.001,  0.014, 30.600, 99.669,  0.568,
887,  0.499, -0.041,  0.201, -0.159, -0.031, -9.521,  0.001, -0.001,  0.010, 30.600, 99.669,  0.568,
937,  0.496, -0.035,  0.199, -0.162, -0.021, -9.485,  0.002, -0.002,  0.015, 30.600, 99.657,  0.679,
987,  0.497, -0.037,  0.205, -0.125, -0.024, -9.473,  0.001, -0.002,  0.014, 30.600, 99.657,  0.679,
1037,  0.495, -0.037,  0.203, -0.226, -0.014, -9.455,  0.002,  0.000,  0.013, 30.600, 99.657,  0.679,
1087,  0.495, -0.041,  0.201, -0.087, -0.061, -9.499,  0.002, -0.001,  0.014, 30.600, 99.657,  0.679,
1137,  0.495, -0.039,  0.202, -0.188,  0.001, -9.497,  0.001,  0.000,  0.013, 30.600, 99.669,  0.568,
1187,  0.498, -0.046,  0.197, -0.128, -0.035, -9.472,  0.002,  0.000,  0.013, 30.600, 99.653,  0.716,
1237,  0.495, -0.041,  0.197, -0.199, -0.016, -9.481,  0.002, -0.001,  0.012, 30.600, 99.657,  0.679,
1287,  0.495, -0.044,  0.202, -0.141, -0.029, -9.507,  0.001, -0.001,  0.013, 30.600, 99.669,  0.568,
1337,  0.498, -0.044,  0.205, -0.168, -0.042, -9.469,  0.003, -0.001,  0.015, 30.600, 99.669,  0.568,
1387,  0.495, -0.043,  0.201, -0.219,  0.008, -9.483,  0.002, -0.000,  0.013, 30.600, 99.657,  0.679,
1437,  0.495, -0.039,  0.199, -0.152, -0.032, -9.526,  0.002, -0.001,  0.012, 30.600, 99.669,  0.568,
1487,  0.494, -0.045,  0.204, -0.203, -0.022, -9.510,  0.003, -0.002,  0.015, 30.600, 99.653,  0.716,
