1.66033e+12
Successfully opened both file output streams 
Date: 8/12
Test Number: 6
Number of samples: 
2000
Expected run time (us): 
100000.000000
Deployment altitude: 
167.639999
-----------------------------------
3
IMU Connecting
IMU Connected
0.530379
0.530379
0.567539
0.567539
0.530379
0.641860
0.641860
0.567539
0.641860
0.567539
0.567539
0.530379
0.679020
0.641860
0.679020
0.530379
0.753903
0.418898
0.530379
0.530379
0.641860
0.641860
0.641860
0.679020
0.679020
0.530379
0.567539
0.530379
0.530379
0.641860
0.418898
0.641860
0.567539
0.753903
0.530379
0.567539
0.567539
0.641860
0.641860
0.567539
0.679020
0.456058
0.530379
0.530379
0.530379
0.641860
0.641860
0.641860
0.567539
0.641860
0.567539
0.641860
0.530379
0.530379
0.641860
0.567539
0.567539
0.641860
0.641860
0.641860
0.530379
0.530379
0.641860
0.641860
0.567539
0.530379
0.679020
0.641860
0.641860
0.530379
0.641860
0.679020
0.530379
0.567539
0.641860
0.567539
0.418898
0.641860
0.418898
0.641860
0.530379
0.530379
0.567539
0.530379
0.418898
0.530379
0.641860
0.530379
0.641860
0.530379
0.641860
0.567539
0.641860
0.641860
0.679020
0.641860
0.567539
0.567539
0.530379
0.530379
0.530379
0.641860
0.679020
0.530379
0.567539
0.641860
0.567539
0.530379
0.679020
0.530379
0.641860
0.530379
0.641860
0.530379
0.530379
0.641860
0.418898
0.530379
0.567539
0.530379
0.567539
0.530379
0.641860
0.679020
0.800072
0.641860
0.530379
0.530379
0.679020
0.679020
0.641860
0.641860
0.641860
0.567539
0.800072
0.530379
0.641860
0.641860
0.679020
0.641860
0.641860
0.679020
0.530379
0.641860
0.641860
0.641860
0.800072
0.641860
0.530379
0.604699
0.641860
0.567539
0.679020
0.641860
0.641860
0.641860
0.641860
0.641860
0.530379
0.641860
0.641860
0.641860
0.641860
0.530379
0.641860
0.530379
0.641860
0.641860
0.641860
0.641860
0.641860
0.679020
0.641860
0.641860
0.641860
0.679020
0.641860
0.753903
0.567539
0.418898
0.641860
0.679020
0.641860
0.641860
0.530379
0.641860
0.530379
0.641860
0.679020
0.641860
0.753903
0.679020
0.641860
0.641860
0.641860
0.753903
0.641860
0.753903
0.530379
0.641860
0.530379
0.641860
0.641860
0.641860
0.641860
0.641860
0.530379
0.641860
0.641860
0.530379
0.641860
0.641860
0.641860
0.641860
0.641860
0.530379
0.641860
0.530379
0.753903
0.530379
0.753903
0.641860
0.641860
0.530379
0.567539
0.641860
0.641860
0.567539
0.530379
0.641860
0.641860
0.530379
0.530379
0.641860
0.641860
0.679020
0.641860
0.530379
0.530379
0.530379
0.530379
0.641860
0.641860
0.679020
0.530379
0.641860
0.679020
0.530379
0.530379
0.530379
0.530379
0.530379
0.679020
0.641860
0.800072
0.530379
0.641860
0.567539
0.641860
0.530379
0.530379
0.530379
0.530379
0.530379
0.418898
0.530379
0.679020
0.530379
0.641860
0.530379
0.530379
0.641860
0.567539
0.679020
0.679020
0.641860
0.679020
0.679020
0.641860
0.641860
0.530379
0.567539
0.641860
0.530379
0.567539
0.567539
0.641860
0.679020
0.641860
0.530379
0.679020
0.679020
0.530379
0.567539
0.641860
0.641860
0.641860
0.641860
0.530379
0.679020
0.567539
0.679020
0.567539
0.567539
0.641860
0.567539
0.567539
0.679020
0.567539
0.641860
0.679020
0.679020
0.567539
0.567539
0.641860
0.679020
0.530379
0.456058
0.679020
0.567539
0.800072
0.679020
0.679020
0.567539
0.641860
0.679020
0.567539
0.567539
0.641860
0.679020
0.679020
0.530379
0.567539
0.567539
0.679020
0.567539
0.679020
0.679020
0.567539
0.679020
0.567539
0.567539
0.567539
0.567539
0.679020
0.679020
0.679020
0.641860
0.567539
0.567539
0.567539
0.567539
0.567539
0.567539
0.679020
0.567539
0.679020
0.604699
0.567539
0.679020
0.567539
0.567539
0.567539
0.679020
0.567539
0.567539
0.567539
0.679020
0.679020
0.567539
0.567539
0.567539
0.679020
0.679020
0.567539
0.679020
0.567539
0.725752
0.679020
0.604699
0.679020
0.679020
0.679020
0.800072
0.679020
0.679020
0.567539
0.679020
0.679020
0.725752
0.679020
0.567539
0.679020
0.679020
0.567539
0.567539
0.725752
0.725752
0.725752
0.679020
0.679020
0.679020
0.567539
0.567539
0.679020
0.725752
0.679020
0.725752
0.725752
0.725752
0.725752
0.679020
0.679020
0.567539
0.725752
0.679020
0.725752
0.725752
0.567539
0.567539
0.725752
0.725752
0.567539
0.604699
0.679020
0.567539
0.567539
0.567539
0.604699
0.604699
0.679020
0.604699
0.604699
0.567539
0.679020
0.725752
0.604699
0.725752
0.567539
0.604699
0.567539
0.604699
0.604699
0.604699
0.604699
0.604699
0.567539
0.604699
0.604699
0.604699
0.604699
0.725752
0.493218
0.679020
0.725752
0.604699
0.604699
0.725752
0.493218
0.725752
0.762912
0.604699
0.604699
0.604699
0.725752
0.604699
0.604699
0.725752
0.725752
0.725752
0.604699
0.493218
0.604699
0.725752
0.604699
0.725752
0.725752
0.604699
0.651431
0.567539
0.604699
0.725752
0.604699
0.725752
0.604699
0.725752
0.604699
0.604699
0.604699
0.604699
0.651431
0.725752
0.725752
0.493218
0.725752
0.604699
0.762912
0.493218
0.493218
0.604699
0.493218
0.604699
0.725752
0.762912
0.651431
0.604699
0.604699
0.604699
0.604699
0.604699
0.530379
0.604699
0.651431
0.604699
0.604699
0.604699
0.651431
0.762912
0.493218
0.493218
0.651431
0.651431
0.725752
0.651431
0.604699
0.604699
0.493218
0.762912
0.651431
0.762912
0.651431
0.604699
0.762912
0.604699
0.604699
0.604699
0.651431
0.530379
0.651431
0.604699
0.651431
0.651431
0.530379
0.651431
0.530379
0.651431
0.651431
0.604699
0.651431
0.651431
0.604699
0.651431
0.651431
0.651431
0.604699
0.493218
0.493218
0.651431
0.651431
0.530379
0.651431
0.530379
0.530379
0.651431
0.530379
0.651431
0.651431
0.651431
0.651431
0.651431
0.651431
0.530379
0.651431
0.651431
0.530379
0.651431
0.530379
0.651431
0.651431
0.651431
0.651431
0.725752
0.651431
0.651431
0.651431
0.651431
0.651431
0.530379
0.762912
0.651431
0.651431
0.800072
0.195373
0.651431
0.651431
0.651431
0.651431
0.651431
0.530379
0.651431
0.651431
0.651431
0.762912
0.604699
0.651431
0.688591
0.651431
0.651431
0.577111
0.530379
0.651431
0.651431
0.688591
0.688591
0.530379
0.651431
0.651431
0.688591
0.651431
0.530379
0.651431
0.688591
0.688591
0.530379
0.530379
0.651431
0.530379
0.651431
0.651431
0.651431
0.530379
0.762912
0.688591
0.651431
0.688591
0.530379
0.306854
0.530379
0.306854
0.651431
0.530379
0.530379
0.651431
0.530379
0.688591
0.688591
0.577111
0.651431
0.651431
0.688591
0.344014
-3.895918
-5.366002
-9.051346
-11.217621
-11.666641
-11.217621
-10.777328
-10.208663
-9.722201
-9.271773
-8.747869
-8.149927
-7.625178
-7.284543
-6.611716
-6.159881
-5.818400
-5.328842
-4.987080
-4.571279
-4.349443
-3.895918
-3.516715
-3.405515
-2.951709
-2.720021
-2.497622
-2.265651
-2.043253
-1.857733
-1.700083
-1.477121
-1.356632
-1.133670
-1.022189
-0.910709
-0.715617
-0.566976
-0.455495
-0.381174
-0.334724
-0.111481
0.000000
0.000000
0.121052
0.121052
0.121052
0.074321
0.306854
0.232533
0.306854
0.344014
0.418898
0.456058
0.456058
0.456058
0.456058
0.344014
0.577111
0.456058
0.456058
0.456058
0.577111
0.418898
0.688591
0.577111
0.577111
0.530379
0.577111
0.577111
0.688591
0.577111
0.456058
0.577111
0.577111
0.456058
0.530379
0.688591
0.577111
0.577111
0.530379
0.577111
0.530379
0.456058
0.577111
0.688591
0.577111
0.577111
0.688591
0.577111
0.577111
0.577111
0.688591
0.577111
0.577111
0.456058
0.577111
0.577111
0.688591
0.577111
0.577111
0.577111
0.577111
0.577111
0.577111
0.577111
0.688591
0.577111
0.688591
0.577111
0.577111
0.577111
0.577111
0.456058
0.577111
0.577111
0.577111
0.688591
0.725752
0.577111
0.577111
0.577111
0.577111
0.577111
0.577111
0.577111
0.577111
0.577111
0.577111
0.577111
0.688591
0.688591
0.577111
0.530379
0.577111
0.577111
0.577111
0.688591
0.577111
0.577111
0.577111
0.577111
0.688591
0.688591
0.688591
0.577111
0.577111
0.577111
0.614271
0.456058
0.577111
0.688591
0.577111
0.530379
0.577111
0.577111
0.577111
0.688591
0.577111
0.614271
0.577111
0.577111
0.688591
0.577111
0.577111
0.577111
0.577111
0.725752
0.577111
0.456058
0.577111
0.577111
0.688591
0.577111
0.577111
0.577111
0.614271
0.577111
0.456058
0.577111
0.614271
0.577111
0.577111
0.577111
0.577111
0.502227
0.688591
0.577111
0.725752
0.688591
0.577111
0.577111
0.577111
0.577111
0.577111
0.688591
0.688591
0.577111
0.577111
0.725752
0.577111
0.688591
0.577111
0.577111
0.725752
0.725752
0.577111
0.614271
0.577111
0.577111
0.577111
0.614271
0.577111
0.614271
0.688591
0.688591
0.577111
0.577111
0.614271
0.688591
0.688591
0.577111
0.614271
0.688591
0.577111
0.577111
0.577111
0.614271
0.614271
0.577111
0.577111
0.577111
0.577111
0.614271
0.577111
0.688591
0.456058
0.577111
0.725752
0.614271
0.502227
0.688591
0.577111
0.577111
0.577111
0.577111
0.688591
0.577111
0.577111
0.577111
0.688591
0.502227
0.614271
0.577111
0.577111
0.577111
0.688591
0.577111
0.502227
0.456058
0.577111
0.577111
0.577111
0.577111
0.577111
0.502227
0.688591
0.688591
0.725752
0.614271
0.577111
0.614271
0.614271
0.577111
0.614271
0.725752
0.577111
0.577111
0.725752
0.688591
0.614271
0.577111
0.456058
0.614271
0.577111
0.577111
0.577111
0.688591
0.456058
0.688591
0.688591
0.614271
0.456058
0.577111
0.577111
0.577111
0.577111
0.688591
0.614271
0.577111
0.614271
0.614271
0.614271
0.577111
0.577111
0.688591
0.577111
0.614271
0.688591
0.577111
0.577111
0.688591
0.577111
0.456058
0.577111
0.577111
0.614271
0.614271
0.688591
0.577111
0.688591
0.688591
0.577111
0.688591
0.577111
0.577111
0.577111
0.614271
0.725752
0.614271
0.577111
0.614271
0.688591
0.688591
0.577111
0.614271
0.577111
0.577111
0.577111
0.577111
0.577111
0.688591
0.614271
0.688591
0.725752
0.577111
0.614271
0.614271
0.725752
0.800072
0.688591
0.725752
0.577111
0.725752
0.577111
0.577111
0.688591
0.614271
0.577111
0.577111
0.688591
0.577111
0.577111
0.688591
0.688591
0.614271
0.725752
0.688591
0.614271
0.577111
0.502227
0.577111
0.577111
0.688591
0.614271
0.577111
0.614271
0.614271
0.614271
0.725752
0.577111
0.837233
0.614271
0.688591
0.725752
0.688591
0.577111
0.725752
0.577111
0.614271
0.577111
0.688591
0.614271
0.577111
0.577111
0.614271
0.577111
0.577111
0.725752
0.577111
0.614271
0.725752
0.502227
0.577111
0.577111
0.688591
0.688591
0.800072
1.256693
1.824795
3.122027
4.458108
6.518816
8.622313
11.042799
13.432881
15.906293
18.435444
21.001194
23.345669
26.082018
28.325712
30.643724
32.900932
35.398552
37.425476
39.692257
41.897663
44.020302
46.187984
48.490799
50.790230
52.986629
55.339550
57.628849
59.714333
62.046986
64.275475
66.622200
68.731331
71.101143
73.222656
75.473106
77.606445
79.745415
81.890579
83.793076
86.073364
88.110985
89.767433
91.940186
93.772301
95.577385
97.334053
99.010208
100.731972
102.373215
103.805016
105.239624
106.794167
108.276634
109.537834
110.854210
112.033203
113.213882
114.181740
115.451950
116.335915
117.307144
118.095963
118.885330
119.990005
121.009102
122.073235
123.138496
124.466698
125.677223
126.911392
128.344315
129.692215
131.031677
132.373398
133.860367
135.350159
136.743668
137.961517
139.548141
140.903931
142.273224
143.500076
145.007889
146.373245
147.740860
149.121979
150.359528
151.733902
153.347565
154.501221
156.029861
157.414352
158.629944
160.064560
161.455826
162.757553
164.119537
165.230972
166.780441
168.183517
Actuate Servos!
57957
83.453003
168.183517
Starting to Actuate (N and S)
57957
Finished Actuating
57957
169.461609
Altitude has not reached a new max for 
58007
15
 samples... retracting fins now.
Fins Undeployed
58007
170.869766
172.140533
173.553192
174.840286
176.117813
177.537216
178.818680
180.254990
181.400757
182.969940
183.978897
185.411819
186.706238
187.967438
189.313644
190.472382
191.917130
193.079788
194.386597
195.362335
196.422531
197.304810
198.033371
198.869476
199.491623
199.934174
200.569275
200.916672
201.108658
201.396378
201.696472
201.696472
201.396378
201.552338
201.108658
200.820953
200.233704
199.647034
198.905518
198.033371
196.863388
195.802628
194.683884
193.364685
192.201462
191.052307
189.987045
188.734848
187.389755
186.129684
184.835831
183.075226
181.728455
179.822571
178.247772
176.257446
174.410690
172.569000
170.580933
168.425064
166.504547
164.531677
162.289108
160.064560
158.106888
155.848557
153.946625
151.463089
149.526810
146.922211
145.007889
142.685928
140.637054
138.327484
136.156982
133.860367
131.702255
129.549774
127.545372
125.404152
123.312477
121.139160
119.285652
117.166954
115.053322
113.085510
111.378952
109.281090
107.455170
105.367432
103.539825
101.726852
99.960609
98.103165
96.302574
94.506493
92.881577
90.790466
89.006210
87.216324
85.564941
83.793076
81.890579
80.250458
78.490410
76.857048
75.268166
73.887039
72.222710
70.724472
69.229057
67.868759
66.662178
65.134666
63.902184
62.661819
61.352760
60.075798
58.972252
57.749340
56.528683
55.459476
54.361561
53.106556
52.131382
51.077942
49.946804
49.015545
48.006023
46.800003
45.990925
44.788280
43.941479
42.977562
42.093597
41.132500
40.172523
39.340359
38.538597
37.581440
36.869198
36.031403
35.320854
34.328789
33.774761
32.939781
32.348595
31.631289
30.769844
30.054228
29.464731
28.673103
28.045883
27.265516
26.793694
26.158590
25.572472
25.024639
24.275803
23.729095
23.345669
22.521950
22.091228
21.393064
21.001194
20.571598
20.103716
19.522100
19.054783
18.702322
18.121271
17.655079
17.188885
16.684969
16.257626
15.678826
15.327493
14.749256
14.398485
14.057850
13.593909
13.129969
12.780324
12.430679
12.043312
11.854132
11.505051
11.164977
10.816459
10.429654
10.128430
9.779912
9.666742
9.205617
8.857099
8.744492
8.283929
7.785644
7.362804
7.128582
6.668582
6.096539
5.637666
5.178793
4.719920
4.261610
3.812871
3.467168
3.122027
2.664280
2.440192
2.095052
1.983571
1.638431
1.526387
1.414906
1.293854
1.293854
1.181810
1.181810
1.070329
1.070329
1.070329
0.958285
0.958285
0.837233
0.958285
0.958285
1.070329
0.958285
0.958285
0.837233
0.800072
0.958285
0.958285
0.837233
0.883964
0.837233
0.837233
0.837233
0.837233
0.837233
0.837233
0.958285
0.837233
0.837233
0.837233
0.725752
0.837233
0.837233
0.837233
0.800072
0.837233
0.837233
0.837233
0.725752
0.837233
0.837233
0.837233
0.837233
0.725752
0.725752
0.883964
0.725752
0.958285
0.837233
0.688591
0.837233
0.996008
0.614271
0.762912
0.725752
0.725752
0.725752
0.614271
0.725752
0.837233
0.837233
0.837233
0.614271
0.614271
0.725752
0.883964
0.837233
0.837233
0.725752
0.725752
0.614271
0.883964
0.725752
0.762912
0.725752
0.614271
0.725752
0.837233
0.725752
0.725752
0.725752
0.762912
0.725752
0.725752
0.725752
0.651431
0.725752
0.725752
0.725752
0.614271
0.725752
0.651431
0.725752
0.725752
0.725752
0.762912
0.725752
0.762912
0.725752
0.762912
0.614271
0.725752
0.614271
0.725752
0.762912
0.725752
0.883964
0.614271
0.725752
0.502227
0.725752
0.651431
0.725752
0.725752
0.725752
0.725752
0.725752
0.725752
0.614271
0.614271
0.725752
0.614271
0.651431
0.762912
0.614271
0.614271
0.883964
0.837233
0.651431
0.837233
0.725752
0.651431
0.651431
0.614271
0.725752
0.725752
0.651431
0.725752
0.614271
0.837233
0.614271
0.762912
0.651431
0.651431
0.725752
0.725752
0.614271
0.762912
0.725752
0.725752
0.725752
0.502227
0.725752
0.725752
0.651431
0.651431
0.725752
0.614271
0.614271
0.725752
0.614271
0.651431
0.651431
0.614271
0.725752
0.651431
0.614271
0.614271
0.614271
0.614271
0.762912
0.762912
0.725752
0.762912
0.614271
0.762912
0.762912
0.539387
0.725752
0.614271
0.762912
0.614271
0.651431
0.614271
0.651431
0.614271
0.725752
0.762912
0.762912
0.762912
0.614271
0.651431
0.725752
0.539387
0.762912
0.762912
0.762912
0.651431
0.614271
0.725752
0.762912
0.762912
0.614271
0.651431
0.725752
0.762912
0.725752
0.651431
0.762912
0.762912
0.651431
0.614271
0.762912
0.614271
0.614271
0.762912
0.762912
0.651431
0.614271
0.651431
0.651431
0.502227
0.614271
0.762912
0.651431
0.762912
0.725752
0.762912
0.725752
0.762912
0.651431
0.762912
0.762912
0.725752
0.762912
0.762912
0.651431
0.762912
0.651431
0.762912
0.762912
0.651431
0.762912
0.762912
0.651431
0.651431
0.883964
0.725752
0.614271
0.614271
0.762912
0.614271
0.651431
0.651431
0.651431
0.651431
0.651431
0.651431
0.539387
0.762912
0.651431
0.651431
0.762912
0.651431
0.651431
0.651431
0.651431
0.762912
0.762912
0.539387
0.762912
0.651431
0.651431
0.762912
0.651431
0.651431
0.762912
0.614271
0.539387
0.651431
0.651431
0.651431
0.651431
0.762912
0.651431
0.762912
0.651431
0.614271
0.651431
0.651431
0.651431
0.651431
0.614271
0.883964
0.883964
0.837233
0.996008
0.725752
0.883964
0.883964
0.883964
0.883964
0.883964
0.883964
0.883964
0.883964
0.883964
0.837233
0.837233
1.218970
1.713315
4.645036
5.338132
4.991302
4.766652
4.532992
4.645036
5.450176
2.132775
0.883964
0.539387
0.539387
0.651431
0.539387
0.539387
0.762912
0.762912
0.651431
0.614271
0.762912
0.651431
0.539387
0.688591
0.651431
0.651431
0.651431
0.651431
0.651431
0.651431
0.651431
0.651431
0.539387
0.651431
0.651431
0.651431
0.651431
0.651431
0.651431
0.651431
0.577111
0.651431
0.651431
0.577111
0.651431
0.539387
0.539387
0.614271
0.762912
0.762912
0.539387
0.651431
0.651431
0.762912
0.651431
0.651431
0.539387
0.688591
0.539387
0.651431
0.688591
0.577111
0.651431
0.651431
0.577111
0.651431
0.688591
0.651431
0.651431
0.651431
0.539387
0.762912
0.651431
0.651431
0.614271
0.651431
0.651431
0.651431
0.539387
0.651431
0.539387
0.688591
0.651431
0.651431
0.651431
0.651431
0.651431
0.651431
0.651431
0.809644
0.651431
0.651431
0.651431
0.762912
0.688591
0.762912
0.539387
0.651431
0.762912
0.651431
0.651431
0.614271
0.651431
0.539387
0.688591
0.762912
0.651431
0.688591
0.651431
0.651431
0.577111
0.502227
0.614271
0.651431
0.651431
0.651431
0.651431
0.762912
0.651431
0.762912
0.539387
0.651431
0.651431
0.651431
0.651431
0.762912
0.762912
0.651431
0.651431
0.651431
0.539387
0.688591
0.614271
0.762912
0.762912
0.651431
0.762912
0.577111
0.651431
0.651431
0.651431
0.688591
0.651431
0.651431
0.688591
0.539387
0.651431
0.762912
0.651431
0.651431
0.688591
0.688591
0.688591
0.539387
0.651431
0.651431
0.651431
0.651431
0.539387
0.577111
0.651431
0.651431
0.539387
0.688591
0.651431
0.651431
0.651431
0.651431
0.809644
0.651431
0.651431
0.651431
0.651431
0.651431
0.651431
0.651431
0.577111
0.539387
0.762912
0.539387
0.688591
0.651431
0.651431
0.651431
0.539387
0.651431
0.651431
0.688591
0.651431
0.688591
0.688591
0.762912
0.577111
0.577111
0.651431
0.688591
0.688591
0.577111
0.651431
0.688591
0.651431
0.539387
0.651431
0.651431
0.539387
0.577111
0.651431
0.688591
0.688591
0.688591
0.539387
0.809644
0.688591
0.577111
0.577111
0.688591
0.539387
0.688591
0.651431
0.651431
0.688591
0.688591
0.688591
0.651431
0.688591
0.688591
0.809644
0.688591
0.688591
0.651431
0.651431
0.688591
0.577111
0.577111
0.688591
0.651431
0.688591
0.577111
0.688591
0.651431
0.688591
0.651431
0.688591
0.688591
0.688591
0.762912
0.577111
0.688591
0.651431
0.577111
0.688591
0.539387
0.577111
0.577111
0.688591
0.688591
0.688591
0.688591
0.577111
0.688591
0.688591
0.577111
0.577111
0.809644
0.688591
0.688591
0.688591
0.688591
0.651431
0.688591
0.577111
0.577111
0.577111
0.577111
0.577111
0.688591
0.577111
0.577111
0.688591
0.688591
0.577111
0.577111
0.688591
0.688591
0.688591
0.688591
0.577111
0.688591
0.688591
0.577111
0.688591
0.688591
0.614271
0.577111
0.577111
0.688591
0.688591
0.577111
0.688591
0.688591
0.688591
0.688591
0.688591
0.688591
0.577111
0.577111
0.688591
0.688591
0.734760
0.688591
0.577111
0.577111
0.577111
0.688591
IMU: Disconnecting
IMU: Disconnected
END
100032
In Destructor of Log2 object, closing fstreams, setting pointer to null
100032
