1.66033e+12
Successfully opened both file output streams 
Date: 8/12
Test Number: 4
Number of samples: 
2400
Expected run time (us): 
120000.000000
Deployment altitude: 
228.600006
-----------------------------------
1
IMU Connecting
IMU Connected
0.251113
0.251113
0.139633
0.288274
0.288274
0.251113
0.139633
0.092901
0.362594
0.139633
0.251113
0.400318
0.288274
0.251113
0.251113
0.251113
0.139633
0.251113
0.251113
0.139633
0.251113
0.288274
0.251113
0.251113
0.251113
0.213953
0.139633
0.139633
0.251113
0.139633
0.362594
0.251113
0.251113
0.251113
0.251113
0.251113
0.251113
0.139633
0.251113
0.251113
0.251113
0.251113
0.251113
0.251113
0.251113
0.251113
0.251113
0.251113
0.176793
0.139633
0.251113
0.251113
0.251113
0.139633
0.251113
0.251113
0.251113
0.251113
0.251113
0.251113
0.139633
0.251113
0.139633
0.251113
0.139633
0.251113
0.251113
0.139633
0.251113
0.139633
0.139633
0.139633
0.251113
0.176793
0.288274
0.251113
0.251113
0.251113
0.139633
0.139633
0.362594
0.139633
0.139633
0.213953
0.139633
0.139633
0.251113
0.251113
0.176793
0.251113
0.251113
0.176793
0.251113
0.251113
0.251113
0.362594
0.213953
0.362594
0.139633
0.251113
0.139633
0.251113
0.139633
0.139633
0.251113
0.251113
0.251113
0.251113
0.251113
0.251113
0.362594
0.251113
0.251113
0.251113
0.251113
0.251113
0.139633
0.362594
0.362594
0.139633
0.251113
0.251113
0.400318
0.362594
0.213953
0.251113
0.251113
0.251113
0.251113
0.251113
0.213953
0.325434
0.251113
0.362594
0.139633
0.362594
0.251113
0.251113
0.251113
0.362594
0.362594
0.213953
0.251113
0.139633
0.251113
0.251113
0.251113
0.251113
0.213953
0.251113
0.362594
0.362594
0.362594
0.213953
0.251113
0.251113
0.288274
0.362594
0.251113
0.251113
0.251113
0.251113
0.251113
0.251113
0.362594
0.251113
0.362594
0.251113
0.251113
0.251113
0.251113
0.362594
0.251113
0.251113
0.251113
0.251113
0.288274
0.288274
0.362594
0.251113
0.251113
0.251113
0.362594
0.251113
0.362594
0.251113
0.251113
0.251113
0.251113
0.251113
0.251113
0.362594
0.251113
0.251113
0.251113
0.251113
0.251113
0.251113
0.251113
0.251113
0.139633
0.251113
0.400318
0.251113
0.251113
0.251113
0.251113
0.139633
0.251113
0.139633
0.251113
0.400318
0.092901
0.251113
0.362594
0.251113
0.400318
0.362594
0.362594
0.251113
0.251113
0.251113
0.251113
0.251113
0.251113
0.251113
0.251113
0.400318
0.251113
0.251113
0.362594
0.251113
0.251113
0.139633
0.251113
0.251113
0.251113
0.251113
0.251113
0.362594
0.251113
0.251113
0.251113
0.251113
0.251113
0.251113
0.251113
0.251113
0.288274
0.139633
0.362594
0.362594
0.288274
0.251113
0.251113
0.288274
0.288274
0.251113
0.474638
0.251113
0.251113
0.139633
0.251113
0.288274
0.251113
0.251113
0.251113
0.251113
0.362594
0.362594
0.362594
0.362594
0.251113
0.362594
0.251113
0.139633
0.362594
0.251113
0.251113
0.251113
0.251113
0.288274
0.176793
0.251113
0.251113
0.251113
0.139633
0.288274
0.288274
0.251113
0.251113
0.288274
0.251113
0.362594
0.251113
0.139633
0.139633
0.251113
0.288274
0.213953
0.251113
0.288274
0.251113
0.251113
0.288274
0.288274
0.251113
0.288274
0.251113
0.288274
0.288274
0.362594
0.251113
0.288274
0.400318
0.288274
0.288274
0.139633
0.288274
0.474638
0.288274
0.251113
0.139633
0.288274
0.400318
0.288274
0.251113
0.288274
0.176793
0.288274
0.400318
0.251113
0.288274
0.288274
0.139633
0.288274
0.400318
0.139633
0.251113
0.288274
0.251113
0.288274
0.288274
0.251113
0.176793
0.176793
0.288274
0.139633
0.362594
0.288274
0.288274
0.288274
0.251113
0.288274
0.288274
0.288274
0.251113
0.288274
0.251113
0.213953
0.288274
0.176793
0.251113
0.251113
0.251113
0.288274
0.176793
0.288274
0.176793
0.176793
0.288274
0.288274
0.288274
0.176793
0.288274
0.288274
0.400318
0.288274
0.251113
0.288274
0.288274
0.288274
0.288274
0.288274
0.288274
0.176793
0.288274
0.288274
0.325434
0.288274
0.288274
0.176793
0.288274
0.288274
0.176793
0.288274
0.400318
0.288274
0.176793
0.288274
0.288274
0.176793
0.176793
0.176793
0.176793
0.288274
0.288274
0.288274
0.176793
0.288274
0.176793
0.288274
0.176793
0.288274
0.288274
0.288274
0.288274
0.176793
0.400318
0.176793
0.288274
0.288274
0.400318
0.400318
0.288274
0.288274
0.288274
0.446487
0.288274
0.288274
0.325434
0.325434
0.176793
0.176793
0.325434
0.176793
0.213953
0.325434
0.288274
0.288274
0.325434
0.288274
0.325434
0.325434
0.176793
0.288274
0.325434
0.288274
0.288274
0.288274
0.176793
0.288274
0.325434
0.288274
0.288274
0.176793
0.446487
0.213953
0.288274
0.288274
0.325434
0.288274
0.213953
0.213953
0.065312
0.288274
0.176793
0.288274
0.213953
0.325434
0.325434
0.400318
0.325434
0.213953
0.176793
0.325434
0.176793
0.325434
0.176793
0.325434
0.176793
0.325434
0.288274
0.288274
0.213953
0.325434
0.325434
0.176793
0.213953
0.213953
0.325434
0.325434
0.288274
0.213953
0.213953
0.325434
0.288274
0.213953
0.325434
0.213953
0.288274
0.325434
0.213953
0.288274
0.288274
0.288274
0.213953
0.176793
0.325434
0.325434
0.446487
0.213953
0.288274
0.213953
0.325434
0.213953
0.325434
0.176793
0.446487
0.213953
0.325434
0.288274
0.213953
0.325434
0.325434
0.325434
0.213953
0.102472
0.325434
0.102472
0.213953
0.213953
0.213953
0.213953
0.213953
0.325434
0.325434
0.325434
0.325434
0.325434
0.213953
0.213953
0.325434
0.213953
0.325434
0.213953
0.325434
0.325434
0.372166
0.325434
0.288274
0.213953
0.325434
0.213953
0.325434
0.213953
0.213953
0.213953
0.213953
0.325434
0.213953
0.446487
0.213953
0.213953
0.325434
0.325434
0.213953
0.325434
0.325434
0.213953
0.176793
0.139633
0.325434
0.213953
0.251113
0.213953
0.213953
-2.849800
0.213953
0.325434
0.325434
0.325434
0.213953
0.213953
0.213953
0.213953
0.213953
0.325434
0.325434
0.213953
0.213953
0.325434
0.213953
0.372166
0.372166
0.251113
0.213953
0.213953
0.213953
0.213953
0.213953
0.213953
0.325434
0.213953
0.176793
0.325434
0.325434
0.213953
0.213953
0.325434
0.325434
0.213953
0.213953
0.213953
0.251113
0.213953
0.325434
0.213953
0.213953
0.102472
-0.808799
0.213953
0.325434
0.213953
0.213953
0.595691
0.325434
0.213953
0.213953
0.251113
0.213953
-0.464785
0.213953
0.102472
0.213953
-0.241542
-0.009290
-0.009290
0.102472
0.102472
0.213953
-0.241542
-0.576266
-2.173032
-2.738601
-3.377645
-3.414805
-3.266727
-3.303606
-2.960999
-2.506912
-2.580951
-4.173494
-9.731210
-10.740731
-10.594060
-10.483987
-10.291148
-9.841283
-9.510781
-9.170709
-8.683683
-8.499572
-8.122338
-7.708226
-7.330711
-7.035681
-6.915755
-6.427322
-6.353565
-6.021374
-5.790812
-5.568976
-5.116578
-5.070409
-4.737655
-4.552698
-4.552698
-4.099455
-3.942369
-3.868330
-3.599762
-3.526005
-3.377645
-3.035038
-3.118367
-2.960999
-2.701440
-2.469752
-2.506912
-2.358552
-2.173032
-2.015383
-1.941344
-1.904183
-1.718663
-1.607183
-1.560732
-1.560732
-1.486412
-1.374931
-1.226571
-1.152250
-1.152250
-1.031761
-0.994319
-0.882838
-0.882838
-0.771357
-0.650587
-0.697037
-0.650587
-0.576266
-0.464785
-0.427625
-0.464785
-0.427625
-0.464785
-0.576266
-0.427625
-0.316144
-0.241542
-0.353304
-0.241542
-0.241542
-0.130343
-0.195092
-0.241542
-0.241542
-0.009290
-0.083611
-0.009290
-0.083611
0.028152
0.028152
-0.083611
-0.009290
-0.130343
0.028152
0.028152
0.028152
0.028152
0.028152
0.139633
0.028152
-0.009290
0.102472
0.102472
0.028152
-0.130343
0.028152
0.102472
0.139633
0.102472
0.251113
0.102472
0.139633
0.139633
0.139633
0.102472
0.139633
0.102472
0.251113
0.028152
0.102472
0.139633
0.028152
0.102472
0.139633
0.139633
0.028152
0.139633
0.139633
0.251113
0.251113
0.102472
0.213953
0.139633
0.139633
0.213953
0.251113
0.102472
0.102472
0.251113
0.213953
0.251113
0.102472
0.139633
0.102472
0.139633
0.139633
0.139633
0.213953
0.102472
0.213953
0.251113
0.139633
0.251113
0.139633
0.102472
0.102472
0.251113
0.251113
0.213953
0.251113
0.102472
0.139633
0.102472
0.213953
0.102472
0.251113
0.251113
0.139633
0.251113
0.102472
0.372166
0.139633
0.213953
0.102472
0.102472
0.213953
0.102472
0.251113
0.251113
0.213953
0.102472
0.213953
0.213953
0.139633
0.213953
0.213953
0.251113
0.139633
0.213953
0.213953
0.102472
0.251113
0.213953
0.251113
0.213953
0.372166
0.483647
1.051749
1.927268
2.720021
4.326921
5.815585
7.419671
9.299644
11.485908
13.452024
15.726121
17.863964
19.922419
22.024227
24.247087
26.370293
28.528404
30.295769
32.387444
34.328789
36.235786
38.021168
39.937176
41.818836
43.902065
45.546688
47.718876
49.580269
51.594807
53.345284
55.379528
57.368729
59.293182
61.131489
63.104927
65.002914
67.067566
68.802277
70.917595
72.661316
74.705132
76.538933
78.551781
80.312393
82.458679
84.362297
86.260292
88.173485
90.080482
91.991982
94.044807
95.840324
97.776604
99.580002
101.525848
103.338257
105.282417
107.284569
109.366669
110.896996
112.999367
114.752098
116.681053
118.409569
120.390892
122.116592
124.106918
125.841064
127.720474
129.461945
131.471405
133.221329
134.974609
136.865280
138.670929
140.392136
142.307007
143.979782
145.858078
147.505508
149.560593
151.080215
153.008606
154.806381
156.608093
158.414307
160.223907
161.900620
163.570023
165.391434
167.217361
168.770767
170.604004
172.487930
174.236710
175.990005
177.840134
179.262360
181.260010
182.841003
184.706909
186.435425
188.309753
189.750565
191.774673
193.376511
195.266617
196.863388
198.582886
200.233704
202.140152
203.906952
205.665298
207.294724
208.915146
210.696579
212.518570
214.271851
215.869751
217.360657
219.357178
220.854294
222.662201
224.166061
225.833206
227.342697
228.817291
Actuate Servos!
48400
78.377998
228.817291
Starting to Actuate (N and S)
48400
Finished Actuating
48400
230.381958
232.049667
233.420654
234.944229
236.483566
237.862442
239.205841
240.589218
241.823959
242.895966
243.982071
245.221863
246.184662
247.579865
248.519562
248.787003
248.367538
247.897415
247.236969
246.653671
246.184662
245.563629
245.259598
244.639694
244.171814
243.868332
243.211838
242.895966
242.429214
241.974854
241.659546
241.244034
240.929291
240.589218
240.274490
239.859528
239.507065
239.243561
238.929398
238.477280
238.326385
238.012772
237.711548
237.548828
237.047165
236.746506
236.633896
236.333237
236.020187
235.982468
235.519653
235.407043
235.219559
234.907074
234.644699
234.344604
234.344604
234.182449
233.882919
233.732590
233.533264
233.271454
233.121689
233.121689
232.959534
232.809769
232.510803
232.361038
232.198883
232.011948
232.049667
231.700592
231.589111
231.439346
231.240585
231.140930
231.090820
230.941620
230.829575
230.680374
230.680374
230.531174
230.381958
230.332413
230.071732
229.922531
229.922531
229.773331
229.611725
229.773331
229.611725
229.463089
229.425369
229.313889
229.165253
229.264343
228.966492
229.003662
228.854446
228.854446
228.668655
228.705811
228.557175
228.557175
228.407959
228.246933
228.407959
228.098297
228.061142
227.949661
228.098297
228.098297
227.751465
227.801010
227.639420
227.602829
227.639420
227.602829
227.491348
227.491348
227.491348
227.194061
227.293152
227.144516
227.194061
227.033035
227.033035
227.033035
226.884399
226.884399
226.884399
226.884399
226.884399
226.735748
226.698593
226.587112
226.587112
226.735748
226.587112
226.587112
226.426651
226.426651
226.426651
226.426651
226.426651
226.278000
226.278000
226.129929
226.129929
226.129929
226.129929
226.092758
225.981277
226.092758
225.981277
225.981277
225.783661
225.833206
225.833206
225.981277
225.981277
225.635025
225.833206
225.833206
225.635025
225.833206
225.672180
225.524094
225.524094
225.524094
225.524094
225.672180
225.672180
225.376022
225.376022
225.376022
225.376022
225.376022
225.326477
225.227386
225.376022
225.227386
225.376022
225.227386
225.227386
225.066910
225.227386
225.029755
225.066910
225.066910
224.881683
225.066910
225.066910
225.066910
225.066910
224.918839
225.066910
224.918839
225.066910
224.918839
225.066910
224.881683
224.918839
224.968384
224.918839
224.918839
224.770767
224.918839
224.770767
224.770767
224.807358
224.770767
224.622681
224.622681
224.659286
224.622681
224.770767
224.462219
224.622681
224.462219
224.462219
224.462219
224.622681
224.462219
224.462219
224.462219
224.462219
224.462219
224.314133
224.462219
224.622681
224.462219
224.511200
224.314133
224.511200
224.462219
224.462219
224.314133
224.363129
224.166061
224.314133
224.166061
224.314133
224.314133
224.166061
224.314133
224.166061
224.166061
224.166061
224.314133
224.166061
224.166061
224.017990
224.055145
224.017990
224.017990
224.166061
224.055145
224.166061
224.055145
224.166061
223.869904
223.869904
223.907059
223.869904
223.869904
223.869904
224.166061
224.017990
223.907059
223.869904
223.869904
224.055145
223.869904
223.869904
223.709442
224.055145
223.709442
223.758987
223.709442
223.869904
223.709442
223.709442
223.709442
223.758987
223.709442
223.709442
223.610916
223.758987
223.709442
223.709442
223.610916
223.561920
223.709442
223.610916
223.709442
223.451004
223.561920
223.561920
223.561920
223.413849
223.154846
222.810272
222.354782
222.206696
221.911667
221.456741
221.001801
220.706772
220.252411
219.995102
219.651093
219.197845
218.903381
218.450134
218.156235
217.849945
217.556595
217.250305
216.956970
216.700226
216.504852
216.248108
215.796555
215.613571
215.308395
215.210434
215.015625
214.869232
214.869232
214.710449
214.564072
214.308456
214.271851
214.113083
213.967255
214.015671
213.674469
213.565247
213.273026
212.932388
212.968994
212.676773
212.336136
212.032669
211.886841
211.741013
211.437531
211.340134
211.036652
210.696579
210.587921
210.405487
209.993347
209.848083
209.702820
209.411743
209.363312
208.963562
208.624619
208.624619
208.370682
208.370682
207.887039
207.923080
207.439987
207.294724
207.186066
207.041367
206.739014
206.449615
206.304916
206.111786
205.858429
205.858429
205.520599
205.267807
204.929977
204.821884
204.677185
204.533035
204.087677
204.087677
203.798843
203.606293
203.498184
203.209351
203.209351
202.764557
202.764557
202.476273
202.176178
201.984177
201.840042
201.588364
201.300659
201.156525
201.108658
200.856995
200.569275
200.413315
200.126175
199.982040
199.790604
199.539490
199.395920
199.288376
198.953369
198.809799
198.666214
198.331772
198.224243
198.080658
197.782257
197.639252
197.447815
197.197266
197.054245
196.768234
196.612839
196.469818
196.326813
196.183807
195.885956
195.885956
195.552643
195.457489
195.159637
195.017197
194.874176
194.719345
194.433884
194.148438
193.958694
193.851715
193.566254
193.566254
193.411987
192.984634
192.830368
192.652451
192.545471
192.261139
192.106873
191.964417
191.680084
191.525818
191.383926
191.242050
190.803436
190.803436
190.377792
190.377792
190.271378
190.082199
189.797867
189.644150
189.502838
189.360947
189.112656
188.888000
188.640259
188.309753
188.345230
188.203354
188.062027
187.766998
187.625671
187.342468
187.189316
187.048004
186.765350
186.612213
186.470886
186.282837
186.047485
185.894348
185.753021
185.611694
185.470947
185.177032
185.035721
184.894958
184.601059
184.460297
184.318970
184.178207
183.931610
183.744110
183.603348
183.450775
183.028503
183.169250
182.875916
182.594955
182.641693
182.348907
182.161423
182.161423
181.739716
181.587692
181.447495
181.354034
181.166534
180.874329
180.593369
180.453171
180.453171
180.161530
180.056229
179.916046
179.588913
179.449280
179.157074
179.017441
178.923965
178.737045
178.445953
178.445953
178.166122
178.166122
177.875046
177.781570
177.641937
177.490494
177.164490
177.024857
176.920135
176.780502
176.594696
176.350342
176.210709
176.024902
175.932007
175.606567
175.455673
175.455673
175.223145
174.933182
174.933182
174.747375
174.469238
174.225449
174.225449
174.039642
173.761505
173.657349
173.518280
173.228882
172.904572
172.904572
172.661331
172.487930
172.522263
172.198517
171.955856
171.955856
171.632111
171.539780
171.389450
171.111862
170.973358
170.823029
170.684525
170.361343
170.222839
170.222839
169.842224
169.842224
169.553955
169.553955
169.231339
169.092819
168.954880
168.989227
168.712784
168.390717
168.287125
168.287125
167.872726
168.010666
167.585022
167.550674
167.309128
167.159363
167.159363
166.884033
166.608154
166.458954
166.320999
166.137451
166.045685
165.896484
165.620590
165.334000
165.334000
165.058685
165.058685
164.783920
164.783920
164.497330
164.359955
164.222580
163.901642
163.798615
163.615616
163.512589
163.340866
163.101013
162.918030
162.814987
162.540787
162.540787
162.403412
162.117950
161.878098
161.843750
161.661331
161.558289
161.421478
161.284653
160.862381
160.999207
160.725571
160.543137
160.440674
160.167038
160.167038
160.030212
159.882141
159.608505
159.472244
159.335434
159.187363
158.914291
158.914291
158.778030
158.629944
158.357437
158.220627
158.073105
157.800598
157.663788
157.527527
157.380020
157.107498
157.107498
156.971252
156.789948
156.506180
156.551788
156.268021
156.097992
155.859818
155.814209
155.576614
155.440353
155.123367
155.168976
155.021469
154.750076
154.614395
154.614395
154.195496
154.195496
153.957886
153.777161
153.686508
153.505768
153.370087
153.087997
153.087997
152.952316
152.816620
152.534531
152.444458
152.263718
152.128586
151.981644
151.846512
151.575684
151.575684
151.429306
151.294174
151.023911
150.922012
150.741837
150.606705
150.471573
150.337021
150.235672
150.055496
149.785233
149.785233
149.504288
149.369156
149.234589
149.088196
148.953644
148.548813
148.548813
148.683945
148.268417
148.268417
147.999298
147.852905
147.852905
147.482986
147.482986
147.168823
147.213867
147.079300
146.798904
146.619858
146.350723
146.306244
146.070908
146.070908
145.981384
145.667770
145.701553
145.388504
145.298981
145.153152
144.985367
144.706100
144.706100
144.572098
144.438095
144.337311
144.158829
143.890823
143.890823
143.790039
143.477570
143.343567
143.210114
143.109344
142.975342
142.663422
142.663422
142.429199
142.384705
142.151047
142.117264
142.017044
141.705124
141.571686
141.471466
141.293549
141.204590
141.026108
140.926453
140.926453
140.614532
140.659012
140.203522
140.203522
139.981110
139.981110
139.936630
139.570099
139.525620
139.303787
139.125870
138.981735
138.848862
138.759888
138.615753
138.482880
138.349442
138.072433
137.939560
137.806671
137.673233
137.363571
137.396790
137.131042
137.086563
136.998154
136.721146
136.721146
136.411484
136.411484
136.311813
136.178940
135.913757
135.913757
135.637299
135.504990
135.372681
135.239807
135.096222
134.919434
134.831039
134.698730
134.555145
134.389618
134.290527
134.158218
133.882324
133.849106
133.617706
133.573776
133.485382
133.309158
133.210068
133.077744
132.945999
132.813690
132.670670
132.406052
132.274292
132.131287
132.131287
131.998978
131.735474
131.690994
131.416229
131.328400
131.196655
131.064896
130.921890
130.746216
130.658386
130.482727
130.350967
130.383621
130.120132
129.988937
129.845932
129.670822
129.451248
129.451248
129.407333
129.319489
129.001938
128.914108
128.782364
128.639908
128.333618
128.333618
128.245789
127.972153
127.972153
127.797050
127.578590
127.480057
127.261040
127.173767
127.173767
126.867477
126.900131
126.900131
126.507133
126.365250
126.365250
126.102875
126.102875
125.971687
125.971687
125.699181
125.567993
125.306183
125.164299
125.033676
124.902489
124.902489
124.902489
124.629974
124.629974
124.368729
124.368729
124.106918
123.965599
123.965599
123.704346
123.573723
123.432404
123.301781
123.301781
123.040527
122.899208
122.899208
122.768585
122.637962
122.377274
122.235954
121.975266
121.975266
121.801292
121.703888
121.703888
121.443199
121.313141
121.171814
121.041756
120.911697
120.781075
120.683670
120.510254
120.510254
120.120071
120.120071
119.979309
120.022667
119.849251
119.589127
119.448372
119.318306
119.318306
119.058746
118.928688
118.787926
118.701225
118.658432
118.398872
118.301468
118.258110
117.998558
117.869057
117.912407
117.869057
117.598801
117.469299
117.339806
117.209740
117.069550
117.069550
116.681053
116.810555
116.540855
116.540855
116.411362
116.454712
116.152367
116.055519
115.753738
115.753738
115.753738
115.355110
115.495300
115.268959
115.096672
114.967178
114.870331
114.827545
114.698044
114.439613
114.310677
114.171043
114.213837
114.041550
113.912613
113.783676
113.644043
113.386177
113.428963
113.257240
113.117607
113.031464
112.859734
113.031464
112.601868
112.601868
112.601868
112.333862
112.075989
112.108086
111.936920
111.807991
111.722404
111.411049
111.454399
111.282677
111.068161
111.025368
111.025368
110.800720
110.671783
110.757927
110.404343
110.404343
110.372253
110.104805
110.019226
109.848061
109.623413
109.580620
109.708992
109.323875
109.323875
109.195511
108.970856
108.970856
108.843048
108.800255
108.671883
108.405006
108.447800
108.276634
108.148827
108.052544
107.924736
107.753578
107.668556
107.497955
107.497955
107.358887
107.231079
106.975464
106.879181
106.879181
106.879181
106.751373
106.495758
106.495758
106.314461
106.186653
106.058838
106.058838
105.803787
105.973824
105.665283
105.452454
105.537468
105.143913
105.143913
105.143913
104.888855
104.761047
104.495293
104.410278
104.495293
104.283028
104.283028
103.975052
104.017281
103.890030
103.624840
103.762787
103.497032
103.369789
103.242538
103.242538
103.115295
102.977356
102.807877
102.680634
102.553391
102.595612
102.426140
102.288200
102.203743
102.076500
101.938553
101.938553
101.684624
101.642395
101.430695
101.430695
101.166069
101.166069
100.996597
100.869911
100.869911
100.742668
100.478607
100.478607
100.351357
100.256203
100.129524
100.129524
100.002838
99.876160
99.707245
99.485413
99.443184
99.485413
99.358727
99.232048
99.094666
98.841301
98.841301
98.587936
98.587936
98.587936
98.546272
98.408890
98.198311
98.071632
97.934814
97.892586
97.765900
97.681450
97.418510
97.555328
97.418510
97.165710
97.039589
97.039589
97.039589
96.776085
96.649971
96.523849
96.523849
96.260910
96.397728
96.134789
96.134789
95.882553
95.882553
95.745735
95.493492
95.493492
95.451271
95.367378
95.241257
95.105003
94.978882
94.978882
94.726639
94.590385
94.590385
94.464272
94.338715
94.044807
94.212593
94.076340
93.908554
93.824661
93.699104
93.572983
93.572983
93.436729
93.311172
93.060059
93.060059
92.923805
92.798248
92.798248
92.672691
92.546570
92.546570
92.410881
92.243095
92.285324
92.034210
92.034210
91.908653
91.772400
91.647408
91.521851
91.521851
91.396294
91.260597
91.260597
91.176712
90.884491
90.748802
90.748802
90.623245
90.623245
90.372696
90.372696
90.372696
90.112007
90.112007
89.944786
89.861458
89.736465
89.736465
89.600777
89.475784
89.350227
89.350227
89.100235
88.964546
88.964546
88.839554
88.672890
88.589561
88.454437
88.329445
88.329445
88.204445
88.204445
87.985992
87.944328
87.819336
87.653236
87.569908
87.528244
87.476448
87.184792
87.184792
87.060364
87.060364
87.060364
86.800240
86.675812
86.717476
86.551376
86.426384
86.291260
86.291260
86.166824
86.042397
85.917961
85.792969
85.792969
85.658409
85.409546
85.409546
85.450645
85.149986
85.149986
85.025558
85.025558
84.776695
84.776695
84.642128
84.517700
84.642128
84.269402
84.144966
84.269402
84.010406
84.010406
83.885971
83.761543
83.761543
83.596008
83.544212
83.378677
83.378677
83.130379
83.130379
83.130379
82.996376
82.996376
82.871948
82.624214
82.624214
82.499779
82.365776
82.241913
82.365776
81.993614
81.993614
81.993614
81.859612
81.859612
81.611877
81.611877
81.488007
81.322479
81.106270
81.230141
81.106270
81.106270
80.982407
80.724533
80.724533
80.600662
80.476799
80.476799
80.353493
80.353493
80.219490
80.095627
79.972321
79.972321
79.725143
79.755547
79.467278
79.467278
79.467278
79.343971
79.343971
79.220665
79.127769
78.963364
78.839493
78.963364
78.716187
78.582748
78.459442
78.335579
78.377243
78.335579
78.088966
78.088966
78.088966
77.832222
77.955528
77.708916
77.708916
77.585617
77.493279
77.328873
77.328873
77.206131
77.082825
77.082825
76.949387
76.826080
76.826080
76.580032
76.580032
76.456734
76.323288
76.200546
76.159447
76.200546
76.077248
75.954506
75.821068
75.862167
75.698326
75.575584
75.575584
75.452278
75.493378
75.319397
75.073357
75.196655
74.950615
74.991714
74.827873
74.827873
74.694992
74.827873
74.612793
74.449509
74.326767
74.193893
74.234436
74.111694
74.071152
73.948410
73.866211
73.692795
73.570053
73.447311
73.447311
73.447311
73.325134
73.365669
73.243492
73.202393
72.987877
72.824593
72.824593
72.824593
72.701851
72.569542
72.446800
72.324615
72.324615
72.365158
72.201874
72.069565
71.947388
71.824646
71.824646
71.702469
71.702469
71.580284
71.325233
71.325233
71.325233
71.203056
71.080872
71.080872
70.948563
70.948563
70.826385
70.866920
70.704208
70.582024
70.327538
70.459846
70.327538
70.205353
70.123718
69.829247
69.960999
70.083176
69.829247
69.869789
69.584892
69.462715
69.371498
69.462715
69.208786
69.330963
69.208786
68.924454
68.964989
68.964989
68.843376
68.843376
68.751602
68.589447
68.589447
68.589447
68.345650
68.345650
68.213905
68.010651
67.970108
67.970108
67.848495
67.595131
67.757278
67.595131
67.472946
67.472946
67.391869
67.351334
67.229721
67.229721
67.097969
67.097969
66.976349
66.976349
66.854736
66.733124
66.733124
66.601936
66.439781
Time taken (s): 
120.000000
Frequency: 
20.000000
IMU: Disconnecting
IMU: Disconnected
END
120004
In Destructor of Log2 object, closing fstreams, setting pointer to null
120004
