1.66034e+12
Successfully opened both file output streams 
Date: 8/12
Test Number: 8
Number of samples: 
2000
Expected run time (us): 
100000.000000
Deployment altitude: 
167.639999
-----------------------------------
1
IMU Connecting
IMU Connected
0.557967
0.670011
0.707172
0.707172
0.670011
0.707172
0.707172
0.781492
0.781492
0.781492
0.707172
0.781492
0.707172
0.781492
0.818652
0.670011
0.670011
0.707172
0.670011
0.781492
0.670011
0.595691
0.781492
0.670011
0.781492
0.670011
0.781492
0.707172
0.670011
0.781492
0.670011
0.781492
0.893536
0.670011
0.781492
0.781492
0.781492
0.670011
0.707172
0.670011
0.670011
0.781492
0.670011
0.595691
0.707172
0.707172
0.781492
0.818652
0.670011
0.670011
0.670011
0.781492
0.670011
0.818652
0.707172
0.670011
0.781492
0.670011
0.670011
0.781492
0.707172
0.818652
0.781492
0.670011
0.707172
0.670011
0.670011
0.818652
0.781492
0.707172
0.670011
0.893536
0.595691
0.818652
0.818652
0.707172
0.707172
0.670011
0.781492
0.707172
0.670011
0.818652
0.781492
0.707172
0.670011
0.781492
0.670011
0.781492
0.818652
0.670011
0.707172
0.818652
0.670011
0.670011
0.781492
0.781492
0.818652
0.670011
0.670011
0.595691
0.893536
0.781492
0.707172
0.707172
0.781492
0.670011
0.781492
0.781492
0.707172
0.818652
0.670011
0.818652
0.818652
0.670011
0.781492
0.781492
0.707172
0.818652
0.707172
0.781492
0.707172
0.670011
0.670011
0.781492
0.781492
0.818652
0.818652
0.781492
0.670011
0.818652
0.818652
0.939705
0.707172
0.781492
0.781492
0.818652
0.781492
0.818652
0.893536
0.781492
0.781492
0.818652
0.893536
0.818652
0.818652
0.670011
0.781492
0.707172
0.818652
0.707172
0.781492
0.781492
0.818652
0.818652
0.781492
0.939705
0.781492
0.781492
0.818652
0.781492
0.781492
0.781492
0.670011
0.818652
0.781492
0.818652
0.781492
0.781492
0.781492
0.818652
0.818652
0.893536
0.818652
0.818652
0.781492
0.818652
0.939705
0.818652
0.939705
0.781492
0.939705
0.818652
0.670011
0.818652
0.893536
0.818652
0.818652
0.781492
0.893536
0.818652
0.893536
0.818652
0.707172
0.818652
0.670011
0.818652
0.670011
0.939705
0.939705
0.939705
0.818652
0.939705
0.818652
0.818652
0.781492
0.670011
0.670011
0.781492
0.818652
0.939705
0.939705
0.818652
0.781492
0.939705
0.818652
0.818652
0.818652
0.707172
0.818652
0.818652
0.818652
0.939705
0.939705
0.939705
0.818652
0.818652
0.939705
0.818652
0.818652
0.939705
0.939705
0.939705
0.781492
1.014588
0.939705
0.818652
0.818652
0.939705
0.818652
0.818652
0.818652
0.939705
0.707172
0.818652
0.818652
0.818652
0.818652
1.051749
0.939705
0.939705
0.939705
0.707172
0.818652
0.818652
0.818652
0.818652
0.781492
0.781492
0.818652
0.939705
0.818652
0.818652
0.818652
0.781492
0.865384
0.818652
0.707172
0.939705
0.818652
0.818652
0.818652
0.744332
0.818652
0.818652
0.818652
0.818652
0.707172
0.818652
0.818652
0.818652
0.818652
0.818652
0.707172
0.818652
0.707172
0.707172
0.707172
0.670011
0.939705
0.818652
0.744332
0.818652
0.818652
0.744332
0.707172
0.818652
0.707172
0.818652
0.818652
0.818652
0.818652
0.818652
0.818652
0.865384
0.818652
0.707172
0.707172
0.707172
0.818652
0.744332
0.818652
0.976865
0.939705
0.818652
0.939705
0.939705
0.818652
0.818652
0.818652
0.744332
0.865384
0.818652
0.818652
0.865384
0.744332
0.976865
0.865384
0.818652
0.818652
0.707172
0.744332
0.865384
0.707172
0.707172
0.939705
0.976865
0.818652
0.707172
0.595691
0.744332
0.865384
0.818652
0.744332
0.865384
0.818652
0.976865
0.865384
0.818652
0.865384
0.818652
0.865384
0.818652
0.744332
0.865384
0.744332
0.865384
0.744332
0.865384
0.976865
0.744332
0.865384
0.865384
0.818652
0.744332
0.744332
0.744332
0.865384
0.744332
0.744332
0.865384
0.744332
0.865384
0.744332
0.865384
0.744332
0.744332
0.744332
0.744332
0.865384
0.632851
0.744332
0.744332
0.865384
0.865384
0.865384
0.865384
0.865384
0.865384
0.744332
0.865384
0.902545
0.744332
0.744332
0.865384
0.744332
0.865384
0.865384
0.902545
0.902545
0.744332
0.865384
0.744332
0.865384
0.744332
0.744332
0.744332
0.744332
0.744332
0.744332
0.632851
0.791064
0.632851
0.791064
0.632851
0.632851
0.791064
0.791064
0.744332
0.791064
0.791064
0.744332
0.791064
0.791064
0.791064
0.744332
0.791064
0.791064
0.791064
0.744332
0.744332
0.791064
0.902545
0.791064
0.791064
0.791064
0.791064
0.632851
0.791064
0.791064
0.744332
0.670011
0.791064
0.791064
0.791064
0.902545
0.791064
0.791064
0.670011
0.791064
0.791064
0.791064
0.791064
0.902545
0.791064
0.670011
0.791064
0.902545
0.791064
0.902545
0.791064
0.670011
0.791064
0.791064
0.670011
0.791064
0.791064
0.791064
0.791064
0.828224
0.791064
0.791064
0.902545
0.670011
0.791064
0.670011
0.670011
0.902545
0.791064
0.716180
0.791064
0.670011
0.791064
0.791064
0.791064
0.670011
0.791064
1.359166
0.791064
0.670011
0.828224
0.670011
0.791064
0.828224
0.791064
0.902545
0.791064
0.716180
0.791064
0.828224
0.670011
0.670011
0.670011
0.791064
0.716180
0.828224
0.828224
0.828224
0.828224
0.828224
0.716180
0.828224
0.670011
0.828224
0.791064
0.791064
0.828224
0.670011
0.902545
0.791064
0.716180
0.828224
0.791064
0.670011
0.828224
0.716180
0.828224
0.828224
0.716180
0.716180
0.791064
0.791064
0.670011
0.791064
0.828224
0.791064
0.670011
0.828224
0.828224
0.828224
0.791064
0.828224
0.260685
-0.427625
0.028152
0.139633
0.213953
-0.083611
-0.659877
-1.115090
-1.338052
-1.338052
-1.338052
-1.115090
-0.994319
-0.994319
-0.919999
-0.659877
-0.771357
-0.994319
-0.659877
-0.316144
-0.316144
0.028152
0.716180
-1.449533
-4.968500
-6.325695
-7.008092
-7.118729
-7.008092
-6.666893
-6.325695
-6.104422
-5.689184
-5.236504
-4.857863
-4.626738
-4.404902
-4.062577
-3.720252
-3.266727
-3.044328
-2.701440
-2.479042
-2.358552
-2.135872
-1.792702
-1.570022
-1.449533
-1.226571
-1.068640
-0.882838
-0.771357
-0.659877
-0.539106
-0.316144
-0.204382
-0.204382
-0.083611
-0.083611
0.028152
0.139633
0.260685
0.260685
0.297845
0.372166
0.409326
0.372166
0.483647
0.483647
0.483647
0.483647
0.483647
0.716180
0.595691
0.595691
0.595691
0.641860
0.753903
0.716180
0.716180
0.716180
0.716180
0.716180
0.595691
0.595691
0.595691
0.716180
0.716180
0.641860
0.595691
0.753903
0.716180
0.716180
0.753903
0.716180
0.716180
0.753903
0.595691
0.641860
0.595691
0.753903
0.753903
0.753903
0.753903
0.753903
0.595691
0.828224
0.595691
0.753903
0.753903
0.595691
0.791064
0.753903
0.716180
0.753903
0.716180
0.753903
0.595691
0.716180
0.753903
0.641860
0.641860
0.753903
0.716180
0.641860
0.716180
0.753903
0.753903
0.716180
0.865384
1.209962
1.964991
3.495319
5.403444
7.588581
9.817073
12.477974
14.910284
17.588078
20.113287
22.617666
25.043781
27.438932
29.928671
32.416157
34.435764
36.703667
39.096001
41.132500
43.420109
45.714474
47.768425
50.155128
52.349838
54.710644
56.788239
59.122581
61.342628
63.559296
65.791725
68.152534
70.347801
72.640480
74.766502
77.154327
79.416039
81.694077
83.803207
86.135857
88.298477
90.852966
92.735191
95.346542
97.365585
99.738777
101.769081
104.155785
106.240135
108.543510
110.554108
112.923920
114.762794
117.144997
119.134193
121.117767
122.985916
124.815781
126.725594
128.464813
130.219223
131.966324
133.584473
135.206589
136.566315
138.050476
139.370224
140.770493
142.005783
143.232086
144.192047
145.377243
146.104675
147.068039
147.897949
148.717728
149.402939
149.954147
150.651749
150.888229
151.440567
152.026688
152.308762
152.545792
152.997345
153.551376
154.206757
155.349716
156.324890
157.720657
159.107971
160.508804
162.049255
163.729919
165.230972
166.952728
168.321472
Actuate Servos!
38552
83.441002
168.321472
Starting to Actuate (N and S)
38553
Finished Actuating
38553
169.738632
171.008270
0
172.429932
0
173.750244
0
174.840286
0
176.117813
0
177.024857
0
178.166122
0
178.970703
0
180.021332
0
180.734131
0
181.739716
0
182.559494
0
183.321838
0
183.990723
0
184.424820
0
185.047531
0
185.623520
0
186.200073
0
186.777176
0
187.024353
0
187.354294
0
187.637497
0
188.073853
0
188.215164
0
188.321579
0
188.510208
0
188.793976
0
188.758499
1
188.652084
2
188.510208
3
188.463470
4
188.463470
5
188.215164
6
187.885239
7
187.637497
8
187.059830
9
186.918503
10
186.341385
11
185.764847
12
185.188858
13
184.612869
14
183.849396
15
Altitude has not reached a new max for 
40703
15
 samples... retracting fins now.
Fins Undeployed
40703
183.169250
182.454193
181.739716
180.874329
180.161530
179.449280
178.877243
178.166122
177.443756
176.734329
176.303604
175.734375
175.165161
174.457413
174.028381
173.460281
173.031815
172.325775
172.048187
171.620285
171.192947
170.765594
170.488586
169.784790
169.496521
169.070297
168.793289
168.367630
167.941986
167.665527
167.377823
167.101929
166.780441
166.539459
166.252319
165.827225
165.689850
165.368347
165.310928
165.036163
164.566025
164.428650
164.004684
163.867294
163.729919
163.581284
163.169144
163.020493
162.883682
162.608917
162.460846
162.323456
162.186646
161.900620
161.900620
161.809402
161.489609
161.341522
161.341522
161.067886
160.930511
160.782440
160.645615
160.691223
160.371979
160.371979
160.223907
159.950272
159.950272
159.665939
159.529114
159.244217
158.686813
158.277496
157.720657
157.300629
157.016861
156.460571
155.905426
155.214020
154.421829
153.415680
152.444458
151.339218
150.100540
148.852295
147.752121
146.104675
144.773102
143.098083
141.593643
140.225479
138.737930
137.141739
135.339462
133.628967
131.834000
130.076218
128.464813
126.594406
124.891785
122.985916
121.117767
119.437668
117.534050
115.688988
113.880516
112.043900
110.425735
108.501282
106.889877
104.803833
103.242538
101.726852
99.992142
98.229843
96.639275
94.831932
93.458122
91.793793
90.257835
88.725258
87.153824
85.544113
83.885971
82.324112
80.972267
79.209969
77.657684
76.067108
74.643761
72.926506
71.508781
69.930595
68.559044
67.199310
65.832268
64.467468
63.357166
61.996872
60.759323
59.533596
58.430611
57.318619
56.338375
55.119968
53.893116
52.917377
51.942200
50.730549
49.758751
48.787518
47.936771
46.839417
45.872124
44.906521
44.069286
43.066521
42.093597
41.338570
40.456295
39.731667
38.900066
38.060017
37.220531
36.382175
35.671062
34.717281
34.240955
33.405972
32.852509
32.096355
31.505169
30.557018
30.082943
29.368452
28.778954
28.075161
27.516068
26.889973
26.303291
25.716608
25.120918
24.534800
23.988092
23.403099
22.770811
22.301804
21.832796
21.250055
20.896469
20.428587
19.845846
19.379091
19.026068
18.559313
18.092556
17.778383
17.398335
16.932142
16.466513
15.991874
15.802131
15.413074
14.834274
14.484067
14.019564
13.716651
13.328720
13.092245
12.515697
12.326518
12.090607
11.740962
11.278710
11.051807
10.703289
10.354208
10.090708
9.742188
10.203315
9.967966
9.666742
9.393670
9.431394
10.316484
10.316484
10.665565
10.703289
10.316484
10.203315
10.316484
10.778736
11.354157
10.816459
10.552396
10.241037
9.779912
9.779912
9.629019
9.779912
4.102834
1.172801
0.716180
0.828224
0.679020
0.791064
0.716180
0.716180
0.791064
0.791064
0.557967
0.557967
0.828224
0.679020
0.716180
0.828224
0.791064
0.716180
0.791064
0.679020
0.716180
0.716180
0.716180
0.679020
0.716180
0.828224
0.828224
0.828224
0.716180
0.716180
0.716180
0.902545
0.828224
0.828224
0.828224
0.791064
0.716180
0.604699
0.716180
0.716180
0.716180
0.828224
0.679020
0.828224
0.716180
0.828224
0.716180
0.828224
0.753903
0.716180
0.828224
0.557967
0.828224
0.716180
0.828224
0.828224
0.828224
0.604699
0.716180
0.716180
0.716180
0.716180
0.716180
0.753903
0.716180
0.716180
0.828224
0.716180
0.716180
0.828224
0.716180
0.604699
0.716180
0.828224
0.716180
0.828224
0.716180
0.716180
0.828224
0.716180
0.716180
0.828224
0.716180
0.679020
0.716180
0.716180
0.828224
0.716180
0.716180
0.716180
0.716180
0.716180
0.716180
0.716180
0.828224
0.716180
0.716180
0.716180
0.716180
0.716180
0.828224
0.828224
0.828224
0.828224
0.716180
0.716180
0.716180
0.716180
0.716180
0.791064
0.716180
0.716180
0.828224
0.716180
0.865384
0.828224
0.828224
0.604699
0.828224
0.865384
0.828224
0.828224
0.716180
0.753903
0.716180
0.828224
0.828224
0.865384
0.828224
0.716180
0.828224
0.753903
0.716180
0.716180
0.716180
0.828224
0.716180
0.828224
0.753903
0.716180
0.828224
0.716180
0.716180
0.604699
0.716180
0.716180
0.716180
0.828224
0.828224
0.753903
0.753903
0.716180
0.753903
0.828224
0.828224
0.604699
0.716180
0.604699
0.716180
0.716180
0.716180
0.828224
0.716180
0.828224
0.753903
0.716180
0.716180
0.716180
0.753903
0.604699
0.753903
0.641860
0.753903
0.716180
0.716180
0.716180
0.828224
0.716180
0.753903
0.716180
0.716180
0.753903
0.716180
0.865384
0.716180
0.828224
0.753903
0.865384
0.828224
0.716180
0.865384
0.865384
0.753903
0.716180
0.753903
0.716180
0.604699
0.753903
0.753903
0.753903
0.641860
0.604699
0.865384
0.753903
0.641860
0.716180
0.828224
0.753903
0.753903
0.716180
0.753903
0.641860
0.753903
0.716180
0.828224
0.753903
0.716180
0.865384
0.753903
0.716180
0.753903
0.753903
0.641860
0.753903
0.865384
0.753903
0.753903
0.753903
0.865384
0.753903
0.753903
0.641860
0.753903
0.865384
0.753903
0.865384
0.641860
0.865384
0.753903
0.753903
0.865384
0.865384
0.753903
0.753903
0.753903
0.753903
0.753903
0.865384
0.865384
0.753903
0.753903
0.753903
0.641860
0.716180
0.753903
0.865384
0.753903
0.753903
0.604699
0.753903
0.753903
0.753903
0.865384
0.753903
0.753903
0.753903
0.753903
0.753903
0.753903
0.753903
0.753903
0.865384
0.753903
0.753903
0.753903
0.865384
0.716180
0.828224
0.753903
0.753903
0.753903
0.753903
0.865384
0.716180
0.828224
0.912116
0.791064
0.865384
0.753903
0.753903
0.753903
0.753903
0.865384
0.753903
0.641860
0.753903
0.753903
0.716180
0.753903
0.865384
0.753903
0.865384
0.753903
0.753903
0.753903
0.753903
0.753903
0.641860
0.791064
0.753903
0.753903
0.753903
0.791064
0.753903
0.865384
0.791064
0.791064
0.791064
0.753903
0.753903
0.641860
0.753903
0.753903
0.753903
0.753903
0.753903
0.753903
0.753903
0.865384
0.641860
0.753903
0.912116
0.753903
0.753903
0.753903
0.753903
0.753903
0.865384
0.753903
0.865384
0.753903
0.641860
0.753903
0.641860
0.753903
0.791064
0.912116
0.791064
0.753903
0.791064
0.753903
0.753903
0.791064
0.753903
0.679020
0.753903
0.791064
0.753903
0.791064
0.865384
0.791064
0.753903
0.679020
0.753903
0.641860
0.753903
0.753903
0.753903
0.791064
0.865384
0.753903
0.753903
0.753903
0.753903
0.791064
0.641860
0.791064
0.791064
0.753903
0.791064
0.753903
0.753903
0.791064
0.753903
0.791064
0.641860
0.753903
0.753903
0.791064
0.791064
0.753903
0.641860
0.791064
0.753903
0.791064
0.791064
0.791064
0.791064
0.791064
0.865384
0.567539
0.791064
0.791064
0.791064
0.791064
0.791064
0.791064
0.753903
0.791064
0.679020
0.791064
0.791064
0.791064
0.791064
0.791064
0.791064
0.912116
0.791064
0.641860
0.791064
0.753903
0.567539
0.791064
0.791064
0.791064
0.679020
0.912116
0.791064
0.679020
0.791064
0.679020
0.791064
0.753903
0.679020
0.791064
0.791064
0.679020
0.791064
0.753903
0.791064
0.641860
0.791064
0.791064
0.679020
0.791064
0.753903
0.791064
0.791064
0.679020
0.679020
0.753903
0.641860
0.791064
0.716180
0.641860
0.791064
0.679020
0.791064
0.791064
0.791064
0.791064
0.567539
0.791064
0.791064
0.791064
0.679020
0.791064
0.791064
0.679020
0.679020
0.791064
0.791064
0.679020
0.679020
0.837233
0.679020
0.679020
0.791064
0.679020
0.679020
0.791064
0.791064
0.791064
0.791064
0.791064
0.791064
0.679020
0.837233
0.791064
0.791064
0.791064
0.679020
0.837233
0.791064
0.679020
0.679020
0.716180
0.679020
0.679020
0.679020
0.791064
0.791064
0.791064
0.791064
0.791064
0.791064
0.791064
0.679020
0.679020
0.791064
0.837233
0.791064
0.716180
0.567539
0.567539
0.679020
0.791064
0.791064
0.837233
0.837233
0.791064
0.716180
0.679020
0.679020
0.791064
0.791064
0.567539
0.753903
0.791064
0.791064
0.791064
0.679020
0.837233
0.837233
0.716180
0.837233
0.679020
0.791064
0.679020
0.791064
0.679020
0.791064
0.679020
0.679020
0.679020
0.679020
0.791064
0.791064
0.716180
0.679020
0.791064
0.837233
0.679020
0.679020
0.716180
0.791064
0.791064
0.791064
0.791064
0.837233
0.679020
0.837233
0.791064
0.716180
0.837233
0.791064
0.837233
0.837233
0.791064
0.716180
0.679020
0.791064
0.679020
0.791064
0.493218
0.716180
0.679020
0.716180
0.837233
0.837233
0.837233
0.837233
0.716180
0.679020
0.791064
0.791064
0.716180
0.837233
0.679020
0.837233
0.837233
0.716180
0.837233
0.679020
0.716180
0.716180
0.837233
0.837233
0.837233
0.679020
0.716180
0.716180
0.791064
0.716180
0.716180
0.716180
0.716180
0.837233
0.837233
0.837233
0.837233
0.837233
0.837233
0.791064
0.716180
0.716180
0.716180
0.837233
0.716180
0.791064
0.837233
0.716180
0.791064
0.837233
0.716180
0.716180
0.837233
0.837233
0.716180
0.679020
0.791064
0.716180
0.716180
0.716180
0.837233
0.837233
0.716180
0.837233
0.837233
0.716180
0.679020
0.716180
0.679020
0.716180
0.837233
0.679020
0.949276
0.604699
0.837233
0.716180
0.716180
0.716180
0.716180
0.837233
0.837233
0.716180
0.716180
0.716180
0.837233
0.716180
0.604699
0.716180
0.716180
0.837233
0.716180
0.949276
0.716180
0.716180
0.837233
0.716180
0.837233
0.837233
0.716180
0.716180
0.837233
0.716180
0.679020
0.837233
0.837233
0.837233
0.716180
0.716180
0.716180
0.716180
0.716180
0.837233
0.604699
0.837233
0.716180
0.837233
0.716180
0.716180
0.716180
0.716180
0.837233
0.837233
0.837233
0.716180
0.837233
0.716180
0.837233
0.837233
0.716180
0.837233
0.604699
0.837233
0.874956
0.837233
0.716180
0.716180
0.837233
0.837233
0.604699
0.716180
0.837233
0.837233
0.874956
0.837233
0.837233
0.716180
0.837233
0.874956
0.716180
0.716180
0.837233
0.716180
0.874956
0.837233
0.837233
0.716180
0.837233
0.837233
0.762912
0.716180
0.837233
0.716180
0.837233
0.837233
0.716180
0.762912
0.716180
0.762912
0.641860
0.762912
0.716180
0.716180
0.716180
0.762912
0.837233
0.716180
0.837233
0.716180
0.837233
0.716180
0.604699
0.716180
0.762912
0.716180
0.762912
0.837233
0.837233
0.716180
0.837233
0.716180
0.716180
0.716180
0.762912
0.837233
0.837233
0.762912
0.716180
0.716180
0.716180
0.837233
0.716180
0.837233
0.716180
0.762912
0.716180
0.837233
0.716180
0.762912
0.716180
0.716180
0.762912
0.641860
0.716180
0.716180
0.604699
0.716180
0.837233
0.716180
0.762912
0.874956
0.762912
0.874956
0.762912
0.762912
0.762912
0.874956
0.716180
0.762912
0.716180
0.604699
0.641860
0.762912
0.716180
0.604699
0.762912
0.762912
0.762912
0.762912
0.762912
0.762912
0.762912
0.762912
0.762912
0.762912
0.716180
0.762912
0.762912
0.762912
0.762912
0.874956
0.716180
0.762912
0.762912
0.641860
0.716180
0.762912
0.762912
0.762912
0.762912
0.641860
0.762912
0.762912
0.762912
0.716180
0.762912
0.874956
0.762912
0.641860
0.604699
0.762912
0.837233
0.762912
0.762912
0.716180
0.874956
0.874956
0.874956
0.762912
0.762912
0.762912
0.874956
0.762912
0.912116
0.641860
0.762912
0.641860
0.874956
0.800072
0.762912
0.874956
0.762912
0.762912
0.762912
0.912116
0.641860
0.762912
0.762912
0.762912
0.762912
0.762912
0.762912
0.762912
0.762912
0.874956
0.762912
0.762912
0.762912
0.762912
0.874956
0.716180
0.641860
0.762912
0.762912
0.762912
0.762912
0.530379
0.762912
0.874956
0.762912
0.762912
0.800072
0.762912
0.762912
0.641860
0.762912
0.641860
0.762912
0.716180
0.762912
0.762912
0.641860
0.762912
0.762912
0.874956
0.762912
0.762912
0.762912
0.762912
0.762912
0.641860
0.641860
0.762912
0.874956
0.800072
0.641860
0.912116
0.762912
0.762912
0.762912
0.762912
0.762912
0.688591
0.641860
0.800072
0.874956
0.762912
0.762912
0.762912
0.800072
0.762912
0.762912
0.641860
0.762912
0.762912
0.762912
0.641860
0.874956
0.874956
0.762912
0.762912
0.800072
0.762912
0.874956
0.762912
0.800072
0.762912
0.762912
0.762912
0.874956
0.800072
0.762912
0.762912
0.688591
0.641860
0.762912
0.874956
0.762912
0.688591
0.762912
0.912116
0.688591
0.800072
0.800072
0.641860
0.641860
0.762912
0.800072
0.800072
0.762912
0.800072
0.762912
0.800072
0.800072
0.800072
0.688591
0.641860
0.688591
0.800072
0.837233
0.800072
0.912116
0.800072
0.874956
0.762912
0.762912
0.762912
0.800072
IMU: Disconnecting
IMU: Disconnected
END
102329
In Destructor of Log2 object, closing fstreams, setting pointer to null
102329
