1.66033e+12
Successfully opened both file output streams 
Date: 8/12
Test Number: 7
Number of samples: 
1800
Expected run time (us): 
90000.000000
Deployment altitude: 
167.639999
-----------------------------------
2
IMU Connecting
IMU Connected
0.781492
0.632851
0.781492
0.781492
0.781492
0.781492
0.670011
0.670011
0.670011
0.670011
0.670011
0.781492
0.557967
0.744332
0.670011
0.670011
0.632851
0.781492
0.781492
0.744332
0.670011
0.670011
0.781492
0.781492
0.781492
0.632851
0.744332
0.632851
0.670011
0.744332
0.744332
0.744332
0.781492
0.781492
0.632851
0.744332
0.670011
0.744332
0.670011
0.781492
0.744332
0.632851
0.781492
0.632851
0.781492
0.670011
0.670011
0.670011
0.744332
0.670011
0.781492
0.632851
0.744332
0.744332
0.670011
0.744332
0.670011
0.744332
0.744332
0.893536
0.781492
0.632851
0.744332
0.632851
0.670011
0.632851
0.511799
0.781492
0.744332
0.781492
0.632851
0.781492
0.670011
0.744332
0.744332
0.744332
0.670011
0.744332
0.632851
0.893536
0.670011
0.781492
0.744332
0.744332
0.670011
0.632851
0.744332
0.781492
0.744332
0.632851
0.670011
0.893536
0.744332
0.744332
0.744332
0.744332
0.744332
0.781492
0.744332
0.744332
0.781492
0.781492
0.632851
0.744332
0.781492
0.632851
0.744332
0.781492
0.632851
0.781492
0.781492
0.893536
0.781492
0.893536
0.670011
0.781492
0.781492
0.781492
0.744332
0.893536
0.893536
0.744332
0.781492
0.744332
0.855813
0.893536
0.744332
0.855813
0.855813
0.781492
0.744332
0.744332
0.967857
0.781492
0.744332
0.744332
0.744332
0.744332
0.781492
0.744332
0.670011
0.744332
0.744332
0.855813
0.744332
0.744332
0.744332
0.744332
0.781492
0.781492
0.744332
0.855813
0.632851
0.855813
0.744332
0.744332
0.632851
0.744332
0.855813
0.632851
0.670011
0.744332
0.781492
0.744332
0.744332
0.744332
0.744332
0.632851
0.744332
0.781492
0.744332
0.781492
0.744332
0.744332
0.744332
0.744332
0.893536
0.632851
0.893536
0.744332
0.744332
0.744332
0.893536
0.744332
0.744332
0.632851
0.781492
0.855813
0.781492
0.855813
0.781492
0.781492
0.632851
0.855813
0.744332
0.744332
0.744332
0.744332
0.893536
0.781492
0.781492
0.744332
0.632851
0.781492
0.744332
0.744332
0.781492
0.744332
0.744332
0.632851
0.893536
0.744332
0.744332
0.744332
0.744332
0.744332
0.781492
0.744332
0.781492
0.744332
0.744332
0.744332
0.855813
0.855813
0.744332
0.744332
0.670011
0.744332
0.744332
0.781492
0.632851
0.781492
0.781492
0.744332
0.744332
0.670011
0.781492
0.744332
0.781492
0.744332
0.632851
0.781492
0.744332
0.632851
0.744332
0.744332
0.855813
0.632851
0.744332
0.670011
0.632851
0.744332
0.744332
0.744332
0.744332
0.855813
0.670011
0.781492
0.744332
0.744332
0.781492
0.744332
0.744332
0.744332
0.855813
0.744332
0.855813
0.744332
0.781492
0.744332
0.781492
0.893536
0.781492
0.744332
0.781492
0.744332
0.781492
0.670011
0.781492
0.781492
0.781492
0.781492
0.781492
0.893536
0.632851
0.781492
0.781492
0.632851
0.781492
0.744332
0.744332
0.744332
0.781492
0.781492
0.781492
0.744332
0.744332
0.670011
0.781492
0.744332
0.781492
0.781492
0.781492
0.781492
0.744332
0.781492
0.781492
0.744332
0.781492
0.670011
0.670011
0.781492
0.781492
0.632851
0.893536
0.781492
0.893536
0.781492
0.670011
0.670011
0.781492
0.670011
0.670011
0.781492
0.670011
0.781492
0.670011
0.670011
0.781492
0.781492
0.781492
0.670011
0.781492
0.781492
0.781492
0.670011
0.781492
0.670011
0.670011
0.893536
0.670011
0.781492
0.670011
0.781492
0.781492
0.781492
0.670011
0.781492
0.744332
0.781492
0.670011
0.670011
0.632851
0.781492
0.781492
0.670011
0.781492
0.781492
0.818652
0.818652
0.781492
0.670011
0.670011
0.670011
0.781492
0.670011
0.781492
0.670011
0.781492
0.781492
0.781492
0.781492
0.781492
0.781492
0.670011
0.781492
0.670011
0.781492
0.670011
0.781492
0.893536
0.781492
0.781492
0.670011
0.781492
0.781492
0.781492
0.781492
0.670011
0.781492
0.595691
0.781492
0.707172
0.781492
0.781492
0.670011
0.781492
0.670011
0.670011
0.781492
0.781492
0.213953
0.670011
0.595691
0.670011
0.818652
0.670011
0.670011
0.818652
0.781492
0.781492
0.781492
0.325434
-5.199625
-8.278862
-11.391599
-11.547560
-11.162725
-10.759029
-10.309446
-9.520072
-8.959290
-8.241983
-7.827871
-7.229365
-6.666893
-6.482500
-5.910738
-5.458340
-5.005660
-4.783824
-4.293703
-3.951659
-3.720252
-3.386935
-3.044328
-2.933129
-2.627401
-2.405003
-2.247353
-1.950634
-1.607183
-1.458823
-1.384221
-1.152250
-1.040770
-0.808799
-0.659877
-0.548396
-0.316144
-0.353304
-0.204382
-0.204382
-0.130343
0.028152
0.139633
0.213953
0.213953
0.325434
0.325434
0.325434
0.483647
0.483647
0.483647
0.437478
0.483647
0.595691
0.595691
0.595691
0.595691
0.670011
0.595691
0.670011
0.595691
0.557967
0.557967
0.670011
0.707172
0.595691
0.595691
0.707172
0.557967
0.781492
0.707172
0.670011
0.707172
0.595691
0.670011
0.707172
0.707172
0.707172
0.707172
0.707172
0.818652
0.707172
0.707172
0.595691
0.707172
0.707172
0.707172
0.707172
0.707172
0.707172
0.707172
0.707172
0.707172
0.707172
0.595691
0.595691
0.818652
0.707172
0.707172
0.595691
0.707172
0.670011
0.707172
0.707172
0.707172
0.707172
0.707172
0.595691
0.707172
0.818652
0.707172
0.707172
0.707172
0.818652
0.818652
0.670011
0.707172
0.707172
0.595691
0.707172
0.707172
0.707172
0.818652
0.707172
0.707172
0.818652
0.707172
0.707172
0.595691
0.670011
0.707172
0.707172
0.818652
0.707172
0.707172
0.818652
0.707172
0.818652
0.744332
0.818652
0.707172
0.818652
0.818652
0.707172
0.707172
0.707172
0.707172
0.595691
0.707172
0.818652
0.707172
0.707172
0.707172
0.707172
0.707172
0.707172
0.707172
0.707172
0.670011
0.670011
0.707172
0.670011
0.818652
0.865384
0.818652
0.707172
0.707172
0.818652
0.707172
0.818652
0.707172
0.707172
0.818652
0.595691
0.707172
0.818652
0.707172
0.818652
0.818652
0.707172
0.818652
0.818652
0.744332
0.818652
0.707172
0.707172
0.818652
0.818652
0.818652
0.818652
0.781492
0.818652
0.707172
0.595691
0.818652
0.707172
0.707172
0.707172
0.707172
0.707172
0.707172
0.707172
0.707172
0.707172
0.744332
0.865384
0.818652
0.707172
0.707172
0.744332
0.707172
0.707172
0.707172
0.818652
0.707172
0.707172
0.818652
0.818652
0.818652
0.744332
0.707172
0.707172
0.707172
0.707172
0.707172
0.707172
0.707172
0.818652
0.818652
0.707172
0.818652
0.818652
0.707172
0.707172
0.707172
0.707172
0.707172
0.818652
0.707172
0.707172
0.707172
0.707172
0.818652
0.707172
0.818652
0.707172
0.818652
0.707172
0.670011
0.707172
0.707172
0.707172
0.595691
0.707172
0.707172
0.707172
0.707172
0.707172
0.818652
0.707172
0.818652
0.707172
0.707172
0.865384
0.707172
0.707172
0.707172
0.744332
0.818652
0.707172
0.707172
0.818652
0.707172
0.707172
0.707172
0.818652
0.939705
0.818652
0.670011
0.707172
0.707172
0.707172
0.744332
0.818652
0.707172
0.818652
0.707172
0.707172
0.707172
0.707172
0.781492
0.707172
0.707172
0.818652
0.595691
0.865384
0.818652
0.707172
0.707172
0.744332
0.707172
0.707172
0.707172
0.707172
0.707172
0.707172
0.707172
0.744332
0.707172
0.707172
0.707172
0.744332
0.865384
0.939705
1.619851
3.102884
5.047606
7.344224
10.109287
12.458831
15.090455
17.531210
20.209003
22.789955
25.370342
27.564487
29.966957
32.338459
34.717281
36.703667
39.134850
41.171909
43.459518
45.586666
48.045437
50.105583
52.539017
54.780457
57.098473
59.142288
61.483387
63.700054
66.054665
68.163231
70.652969
72.773354
75.155556
77.287773
79.807350
81.704773
84.269402
86.426384
88.933578
90.852966
93.290344
95.472664
97.787300
99.854759
102.447540
104.527390
106.740677
108.832352
111.154305
113.418266
115.624237
117.738998
120.163422
122.290565
124.553970
126.692932
128.837540
131.119507
133.275940
135.162659
137.606796
139.769974
142.094742
144.002304
146.283722
148.212128
150.313934
152.625183
154.602570
156.823730
159.051102
160.816772
163.101013
165.162277
167.262955
169.277496
Actuate Servos!
40143
83.358002
169.277496
Starting to Actuate (N and S)
40143
Finished Actuating
40143
171.400711
173.379211
0
175.466934
0
177.327774
0
179.320908
0
181.330383
0
183.227814
0
185.059357
0
187.118942
0
188.852524
0
190.543320
0
192.284790
0
194.030197
0
195.481140
0
197.233292
0
198.702255
0
200.162201
0
201.480270
0
202.656448
0
204.171570
0
205.171524
0
206.196243
0
207.427597
0
208.273849
0
209.157242
0
209.751251
0
210.648163
0
211.133499
0
211.680206
0
212.129501
0
212.421722
0
212.920013
0
212.871582
1
213.017410
0
213.017410
0
212.871582
1
212.871582
2
212.725189
3
212.421722
4
211.837860
5
211.425156
6
210.793991
7
210.054153
8
209.157242
9
207.971497
10
207.125824
11
205.761581
12
204.472794
13
202.957108
14
201.480270
15
Altitude has not reached a new max for 
42644
15
 samples... retracting fins now.
Fins Undeployed
42644
200.162201
198.702255
197.388138
196.028961
194.612366
193.162552
191.419403
189.856979
187.979263
186.353210
184.190033
182.512756
180.359711
178.364319
176.327255
174.190536
171.920944
169.946381
167.688614
165.437042
163.054840
160.953598
158.629944
156.358673
154.139191
152.106064
149.583115
147.561249
145.097412
143.009125
140.726013
138.516098
136.378265
134.180176
131.790085
129.769363
127.490753
125.622604
123.486450
121.486557
119.231598
117.209740
115.139465
113.289330
111.186401
109.184807
107.263176
105.399529
103.486900
101.673927
99.854759
97.913422
96.071167
94.149529
92.138931
90.425056
88.423470
86.769272
84.870155
83.048180
81.322479
79.683479
78.037735
76.405495
74.858841
73.529510
72.028465
70.652969
68.995392
67.666069
66.429649
65.184776
63.831242
62.590874
61.322357
60.126472
58.901871
57.799450
56.568657
55.469051
54.251770
53.275467
51.932629
51.077942
49.867416
48.777946
47.807838
46.839417
45.626076
44.906521
43.705566
42.859890
42.015335
41.054237
40.093700
39.134850
38.177128
37.581440
36.586555
35.914291
34.921661
34.240955
33.415546
32.939781
32.105927
31.273197
30.441032
29.850973
29.223188
28.557119
27.843754
27.255945
26.668701
26.120304
25.485764
24.899645
24.429512
23.729095
23.020235
22.435806
22.119944
21.383493
20.791182
20.285013
19.741121
19.045210
18.654465
18.225996
17.645506
17.293610
16.827417
16.362350
15.782988
15.317922
14.967151
14.739685
14.275181
13.924973
13.574766
13.461033
13.234130
13.111388
12.884485
12.421108
12.307938
11.958293
11.882847
11.608649
11.533202
11.495479
11.722382
11.495479
11.382309
11.269139
10.920057
10.806888
11.033227
11.844561
1.852947
0.939705
0.707172
0.939705
0.818652
0.818652
0.818652
0.707172
0.707172
0.818652
0.818652
0.707172
0.707172
0.818652
0.818652
0.818652
0.818652
0.818652
0.865384
0.818652
0.818652
0.818652
0.939705
0.818652
0.818652
0.707172
0.818652
0.707172
0.818652
0.707172
0.865384
0.818652
0.818652
0.707172
0.707172
0.818652
0.707172
0.818652
0.818652
0.818652
0.818652
0.818652
0.818652
0.707172
0.707172
0.707172
0.744332
0.818652
0.818652
0.865384
0.707172
0.707172
0.818652
0.818652
0.818652
0.818652
0.707172
0.818652
0.818652
0.818652
0.818652
0.818652
0.818652
0.818652
0.865384
0.707172
0.707172
0.865384
0.865384
0.707172
0.818652
0.818652
0.818652
0.744332
0.865384
0.818652
0.818652
0.818652
0.707172
0.707172
0.818652
0.818652
0.818652
0.744332
0.707172
0.818652
0.744332
0.707172
0.744332
0.744332
0.707172
0.818652
0.818652
0.707172
0.744332
0.818652
0.865384
0.818652
0.818652
0.865384
0.707172
0.744332
0.865384
0.818652
0.818652
0.818652
0.707172
0.818652
0.818652
0.818652
0.818652
0.818652
0.865384
0.707172
0.818652
0.818652
0.818652
0.818652
0.818652
0.818652
0.818652
0.818652
0.744332
0.707172
0.818652
0.818652
0.939705
0.707172
0.976865
0.865384
0.865384
0.818652
0.818652
0.818652
0.707172
0.865384
0.818652
0.976865
0.865384
0.818652
0.707172
0.818652
0.744332
0.818652
0.744332
0.744332
0.865384
0.818652
0.865384
0.818652
0.707172
0.865384
0.865384
0.865384
0.865384
0.818652
0.865384
0.865384
0.865384
0.744332
0.818652
0.744332
0.707172
0.939705
0.818652
0.818652
0.707172
0.791064
0.865384
0.865384
0.865384
0.939705
0.707172
0.976865
0.865384
0.744332
0.707172
0.707172
0.818652
0.865384
0.707172
0.865384
0.818652
0.744332
0.865384
0.744332
0.744332
0.744332
0.818652
0.865384
0.865384
0.707172
0.865384
0.744332
0.865384
0.865384
0.865384
0.818652
0.744332
0.818652
0.865384
0.865384
0.865384
0.707172
0.744332
0.865384
0.865384
0.744332
0.865384
0.865384
0.818652
0.865384
0.865384
0.865384
0.865384
0.744332
0.744332
0.744332
0.818652
0.865384
0.744332
0.744332
0.744332
0.818652
0.744332
0.818652
0.744332
0.744332
0.865384
0.744332
0.744332
0.744332
0.744332
0.707172
0.744332
0.744332
0.865384
0.744332
0.744332
0.865384
0.865384
0.744332
0.632851
0.865384
0.744332
0.707172
0.744332
0.744332
0.744332
0.744332
0.744332
0.744332
0.632851
0.744332
0.865384
0.744332
0.902545
0.632851
0.744332
0.865384
0.707172
0.744332
0.744332
0.744332
0.744332
0.744332
0.744332
0.744332
0.865384
0.865384
0.632851
0.744332
0.744332
0.744332
0.865384
0.744332
0.865384
0.902545
0.744332
0.632851
0.744332
0.744332
0.632851
0.744332
0.791064
0.744332
0.744332
0.791064
0.744332
0.744332
0.670011
0.865384
0.632851
0.744332
0.865384
0.744332
0.744332
0.791064
0.670011
0.744332
0.744332
0.902545
0.744332
0.744332
0.902545
0.744332
0.902545
0.744332
0.632851
0.744332
0.791064
0.744332
0.865384
0.791064
0.744332
0.632851
0.744332
0.744332
0.791064
0.744332
0.670011
0.744332
0.791064
0.744332
0.902545
0.744332
0.744332
0.791064
0.791064
0.670011
0.632851
0.791064
0.791064
0.791064
0.744332
0.632851
0.744332
0.632851
0.670011
0.791064
0.632851
0.744332
0.791064
0.791064
0.744332
0.670011
0.791064
0.791064
0.670011
0.791064
0.791064
0.865384
0.791064
0.670011
0.744332
0.632851
0.670011
0.791064
0.791064
0.632851
0.828224
0.670011
0.791064
0.791064
0.791064
0.670011
0.670011
0.670011
0.791064
0.791064
0.670011
0.670011
0.632851
0.791064
0.670011
0.670011
0.791064
0.670011
0.791064
0.828224
0.716180
0.670011
0.828224
0.902545
0.670011
0.716180
0.791064
0.791064
0.791064
0.791064
0.716180
0.670011
0.791064
0.670011
0.791064
0.791064
0.670011
0.670011
0.791064
0.670011
0.791064
0.670011
0.670011
0.828224
0.670011
0.716180
0.670011
0.791064
0.716180
0.716180
0.670011
0.670011
0.670011
0.828224
0.828224
0.557967
0.670011
0.716180
0.791064
0.716180
0.828224
0.828224
0.791064
0.716180
0.828224
0.791064
0.828224
0.670011
0.828224
0.791064
0.791064
0.716180
0.828224
0.670011
0.828224
0.716180
0.828224
0.716180
0.828224
0.828224
0.716180
0.716180
0.828224
0.902545
0.828224
0.670011
0.828224
0.828224
0.670011
0.828224
0.939705
0.716180
0.716180
0.716180
0.716180
0.828224
0.716180
0.595691
0.716180
0.828224
0.716180
0.716180
0.828224
0.828224
0.828224
0.716180
0.670011
0.828224
0.828224
0.716180
0.828224
0.716180
0.828224
0.716180
0.828224
0.716180
0.716180
0.716180
0.828224
0.828224
0.716180
0.716180
0.716180
0.716180
0.716180
0.828224
0.865384
0.716180
0.828224
0.716180
0.753903
0.716180
0.828224
0.828224
0.828224
0.753903
0.828224
0.716180
0.828224
0.828224
0.716180
0.716180
0.716180
0.828224
0.716180
0.753903
0.716180
0.716180
0.865384
0.828224
0.753903
0.753903
0.865384
0.716180
0.716180
0.865384
0.828224
0.753903
0.828224
0.865384
0.939705
0.716180
0.716180
0.828224
0.753903
0.828224
0.716180
0.753903
0.716180
0.716180
0.865384
0.716180
0.865384
0.865384
0.828224
0.753903
0.828224
0.595691
0.865384
0.828224
0.716180
0.753903
0.828224
0.753903
0.865384
0.716180
0.865384
0.753903
0.716180
0.753903
0.753903
0.753903
0.828224
0.753903
0.753903
0.716180
0.753903
0.716180
0.716180
0.716180
0.865384
0.716180
0.865384
0.716180
0.753903
0.753903
0.753903
0.865384
0.865384
0.828224
0.865384
0.865384
0.902545
0.753903
0.865384
0.716180
0.753903
0.641860
0.865384
0.865384
0.753903
0.753903
0.753903
0.716180
0.865384
0.753903
0.753903
0.753903
0.753903
0.716180
0.641860
0.641860
0.716180
0.641860
0.641860
0.716180
0.595691
0.791064
0.753903
0.753903
0.753903
0.641860
0.753903
0.753903
0.865384
0.753903
0.753903
0.865384
0.865384
0.753903
0.753903
0.753903
0.753903
0.865384
0.753903
0.753903
0.679020
0.865384
0.641860
0.641860
0.641860
0.753903
0.753903
0.753903
0.791064
0.753903
0.753903
0.753903
0.753903
0.641860
0.791064
0.753903
0.753903
0.865384
0.753903
0.753903
0.753903
0.753903
0.641860
0.753903
0.679020
0.753903
0.679020
0.753903
0.641860
0.753903
0.753903
0.753903
0.753903
0.791064
0.641860
0.865384
0.641860
0.791064
0.753903
0.791064
0.753903
0.791064
0.753903
0.641860
0.753903
0.753903
0.641860
0.791064
0.641860
0.753903
0.791064
0.679020
0.641860
0.753903
0.753903
0.753903
0.791064
0.641860
0.791064
0.753903
0.753903
0.753903
0.679020
0.641860
0.791064
0.753903
0.753903
0.753903
0.865384
0.791064
0.791064
0.791064
0.753903
0.753903
0.791064
0.753903
0.902545
0.641860
0.753903
0.791064
0.753903
0.753903
0.641860
0.865384
0.902545
0.791064
0.865384
0.753903
0.791064
0.641860
0.641860
0.753903
0.753903
0.791064
0.902545
0.791064
0.641860
0.791064
0.641860
0.791064
0.791064
0.791064
0.791064
0.791064
0.641860
0.679020
0.791064
0.791064
0.753903
0.753903
0.791064
0.791064
0.679020
0.791064
0.753903
0.679020
0.753903
0.753903
0.791064
0.791064
0.791064
0.791064
0.791064
0.902545
0.679020
0.791064
0.791064
0.791064
0.679020
0.791064
0.791064
0.791064
0.791064
0.791064
0.791064
0.641860
0.791064
0.791064
0.753903
0.791064
0.791064
0.753903
0.791064
0.753903
0.791064
0.641860
0.791064
0.753903
0.679020
0.753903
0.791064
0.791064
0.679020
0.902545
0.791064
0.641860
0.791064
0.753903
0.791064
0.791064
0.679020
0.791064
0.791064
0.791064
0.791064
0.679020
0.791064
0.902545
0.679020
0.679020
0.679020
0.604699
0.679020
0.753903
0.679020
0.753903
0.679020
0.791064
0.791064
0.679020
0.679020
0.679020
0.679020
0.791064
0.791064
0.679020
0.791064
0.828224
0.828224
0.791064
0.791064
0.902545
0.791064
0.679020
0.716180
0.791064
0.791064
0.679020
0.791064
0.679020
0.679020
0.791064
0.679020
0.791064
0.791064
0.679020
0.791064
0.679020
0.679020
0.791064
0.791064
0.828224
0.679020
0.791064
0.791064
0.791064
0.679020
0.791064
0.791064
0.679020
0.791064
0.679020
IMU: Disconnecting
IMU: Disconnected
END
92468
In Destructor of Log2 object, closing fstreams, setting pointer to null
92468
