1.66033e+12
Successfully opened both file output streams 
Date: 8/12
Test Number: 5
Number of samples: 
2000
Expected run time (us): 
100000.000000
Deployment altitude: 
167.639999
-----------------------------------
1
IMU Connecting
IMU Connected
0.502227
0.502227
0.465067
0.502227
0.465067
0.614271
0.577111
0.614271
0.502227
0.502227
0.577111
0.614271
0.614271
0.577111
0.614271
0.577111
0.465067
0.577111
0.502227
0.688591
0.465067
0.614271
0.344014
0.390746
0.465067
0.465067
0.502227
0.502227
0.502227
0.465067
0.577111
0.465067
0.465067
0.465067
0.614271
0.502227
0.502227
0.577111
0.502227
0.465067
0.502227
0.614271
0.502227
0.577111
0.502227
0.465067
0.577111
0.465067
0.614271
0.344014
0.502227
0.577111
0.614271
0.502227
0.502227
0.465067
0.577111
0.502227
0.344014
0.688591
0.577111
0.614271
0.577111
0.502227
0.465067
0.502227
0.577111
0.577111
0.502227
0.688591
0.614271
0.614271
0.502227
0.465067
0.344014
0.577111
0.614271
0.502227
0.614271
0.577111
0.577111
0.614271
0.465067
0.465067
0.465067
0.614271
0.465067
0.465067
0.465067
0.465067
0.465067
0.577111
0.465067
0.577111
0.577111
0.502227
0.577111
0.465067
0.465067
0.577111
0.465067
0.465067
0.577111
0.688591
0.614271
0.577111
0.465067
0.614271
0.502227
0.577111
0.577111
0.725752
0.614271
0.577111
0.502227
0.577111
0.577111
0.465067
0.725752
0.614271
0.688591
0.614271
0.577111
0.577111
0.465067
0.577111
0.614271
0.577111
0.502227
0.465067
0.577111
0.688591
0.465067
0.577111
0.577111
0.502227
0.725752
0.577111
0.577111
0.614271
0.577111
0.577111
0.577111
0.614271
0.577111
0.577111
0.465067
0.614271
0.614271
0.614271
0.577111
0.577111
0.465067
0.577111
0.577111
0.688591
0.502227
0.577111
0.465067
0.577111
0.577111
0.614271
0.577111
0.465067
0.577111
0.502227
0.614271
0.577111
0.577111
0.577111
0.502227
0.577111
0.614271
0.725752
0.465067
0.465067
0.577111
0.577111
0.577111
0.577111
0.614271
0.577111
0.465067
0.465067
0.614271
0.577111
0.614271
0.725752
0.502227
0.614271
0.614271
0.725752
0.577111
0.577111
0.465067
0.614271
0.577111
0.577111
0.465067
0.465067
0.614271
0.577111
0.614271
0.502227
0.465067
0.465067
0.614271
0.577111
0.614271
0.688591
0.577111
0.577111
0.614271
0.465067
0.502227
0.502227
0.502227
0.614271
0.614271
0.577111
0.614271
0.614271
0.577111
0.502227
0.614271
0.465067
0.502227
0.614271
0.614271
0.502227
0.577111
0.502227
0.614271
0.614271
0.614271
0.577111
0.725752
0.577111
0.614271
0.614271
0.577111
0.577111
0.614271
0.502227
0.577111
0.614271
0.614271
0.577111
0.502227
0.614271
0.614271
0.577111
0.502227
0.614271
0.614271
0.614271
0.344014
0.502227
0.502227
0.502227
0.577111
0.614271
0.614271
0.502227
0.614271
0.502227
0.577111
0.502227
0.614271
0.502227
0.465067
0.614271
0.465067
0.502227
0.502227
0.502227
0.502227
0.614271
0.614271
0.614271
0.614271
0.614271
0.502227
0.614271
0.614271
0.502227
0.614271
0.502227
0.614271
0.614271
0.614271
0.614271
0.614271
0.577111
0.577111
0.502227
0.502227
0.614271
0.614271
0.614271
0.614271
0.614271
0.502227
0.614271
0.614271
0.577111
0.465067
0.502227
0.502227
0.502227
0.502227
0.390746
0.502227
0.614271
0.502227
0.502227
0.614271
0.502227
0.502227
0.614271
0.539387
0.725752
0.614271
0.502227
0.614271
0.502227
0.502227
0.502227
0.614271
0.502227
0.502227
0.614271
0.502227
0.614271
0.725752
0.502227
0.502227
0.502227
0.502227
0.614271
0.651431
0.614271
0.614271
0.502227
0.614271
0.614271
0.539387
0.502227
0.502227
0.390746
0.539387
0.502227
0.502227
0.614271
0.614271
0.539387
0.539387
0.502227
0.614271
0.539387
0.502227
0.539387
0.539387
0.651431
0.502227
0.539387
0.651431
0.539387
0.539387
0.427906
0.502227
0.614271
0.614271
0.539387
0.502227
0.614271
0.539387
0.502227
0.539387
0.651431
0.539387
0.539387
0.539387
0.539387
0.427906
0.539387
0.539387
0.502227
0.651431
0.651431
0.651431
0.539387
0.539387
0.502227
0.539387
0.539387
0.539387
0.539387
0.651431
0.577111
0.539387
0.427906
0.539387
0.539387
0.651431
0.427906
0.651431
0.427906
0.539387
0.539387
0.697600
0.539387
0.539387
0.502227
0.502227
0.539387
0.539387
0.539387
0.539387
0.539387
0.539387
0.651431
0.539387
0.577111
0.539387
0.539387
0.427906
0.651431
0.651431
0.539387
0.539387
0.539387
0.083892
0.427906
0.539387
0.539387
0.697600
0.539387
0.427906
0.427906
0.539387
0.539387
0.465067
0.539387
0.651431
-1.504992
-8.747869
-11.226630
-11.446776
-11.107548
-10.731441
-10.328027
-9.538370
-8.977869
-8.370918
-7.956806
-7.505534
-6.906746
-6.565547
-6.039955
-5.707482
-5.366002
-4.913322
-4.534118
-4.349443
-4.007118
-3.627632
-3.285026
-3.210987
-2.868380
-2.645982
-2.488332
-2.265651
-1.922482
-1.700083
-1.579312
-1.504992
-1.245151
-1.050060
-1.050060
-0.827098
-0.827098
-0.557686
-0.446205
-0.483365
-0.334724
-0.371884
-0.139633
-0.139633
-0.102191
0.009572
0.009572
0.083892
0.242105
0.083892
0.242105
0.195373
0.195373
0.316425
0.353586
0.465067
0.353586
0.353586
0.427906
0.427906
0.427906
0.465067
0.316425
0.353586
0.427906
0.316425
0.465067
0.427906
0.427906
0.465067
0.465067
0.539387
0.465067
0.353586
0.465067
0.316425
0.427906
0.353586
0.465067
0.465067
0.539387
0.465067
0.465067
0.465067
0.465067
0.353586
0.539387
0.427906
0.465067
0.316425
0.465067
0.465067
0.465067
0.465067
0.465067
0.577111
0.465067
0.427906
0.577111
0.921125
1.265702
2.067463
2.981832
4.009370
5.384863
6.875216
8.716340
10.636851
12.874914
15.119170
17.521639
19.855417
22.387947
24.659792
27.246374
29.609430
32.057507
34.240955
36.547707
38.773384
41.054237
42.977562
45.507839
47.649624
49.996353
52.180927
54.371696
56.698719
59.031933
61.241844
63.589134
65.569328
68.051186
70.286995
72.661316
74.705132
77.175163
79.189697
81.714912
83.865143
86.281120
88.443741
90.873795
92.798248
95.367378
97.555328
99.876160
101.949249
104.293724
106.506454
108.725372
110.822113
113.052856
115.290359
117.501396
119.794632
122.181900
124.052864
126.321335
128.464813
130.746216
132.901520
134.930695
137.230133
139.403442
141.448944
143.634079
145.679031
147.875427
149.942886
152.151108
154.184235
156.313629
158.254974
160.486282
162.586395
164.680878
166.653763
168.908707
Actuate Servos!
31206
83.389999
168.908707
Starting to Actuate (N and S)
31207
Finished Actuating
31207
170.881027
Altitude has not reached a new max for 
31256
15
 samples... retracting fins now.
Fins Undeployed
31257
173.147797
175.003006
177.129578
179.133987
181.271820
183.145615
185.399994
187.272095
189.632889
191.513992
193.696884
195.588104
197.734406
199.683060
201.731949
203.654144
205.858429
207.790192
209.714645
211.351959
213.285416
215.027451
216.871384
218.364548
220.166824
221.480942
222.982559
224.190842
225.906967
227.119736
228.333649
229.549805
230.606049
231.638657
232.547958
233.507935
233.920074
234.731964
235.344559
235.957703
236.257797
236.684006
237.034775
237.147385
237.335449
237.335449
237.297714
237.034775
236.834335
236.571411
236.108032
235.457153
234.881744
233.808029
233.046814
231.937622
230.568893
229.549805
227.676575
226.315170
224.535980
222.884033
220.915665
219.418549
217.580811
216.114105
214.320267
212.798386
210.757385
208.975952
206.702972
204.978409
202.764557
200.712845
198.367813
196.314987
193.982330
191.810715
189.337296
187.177505
184.577408
182.383820
179.846222
177.560303
175.281143
172.731155
170.176666
167.918900
165.391434
163.283997
160.623093
158.391220
155.791687
153.540115
151.046432
148.886078
146.373245
144.180786
141.861084
139.681015
137.097809
135.195892
132.769775
130.746216
128.464813
126.495872
124.183487
122.181900
119.924698
117.977158
115.861275
114.020149
111.915527
109.773178
107.807060
105.856712
103.634979
101.599609
99.527641
97.681450
95.661278
93.824661
92.065742
90.237007
88.319305
86.665115
85.004723
83.399513
81.714912
80.363625
78.685219
77.175163
75.667358
74.418541
73.039108
71.417007
70.164818
68.833244
67.432411
66.226952
64.831192
63.750729
62.359467
61.282383
59.895065
58.912006
57.599010
56.578228
55.389099
54.132404
53.076714
52.101540
51.008690
49.907394
48.817360
47.887226
46.879395
45.912098
44.788280
43.862652
43.016975
41.937073
41.220894
40.211372
39.134850
38.343224
37.503738
36.781929
35.827023
34.999363
34.163254
33.444824
32.619976
31.863821
31.156651
30.363335
29.657852
28.981647
28.113447
27.525639
26.697414
26.110733
25.408628
24.698078
24.112522
23.528093
22.818668
22.119944
21.651499
20.943764
20.475882
19.893703
19.312090
18.720903
18.378578
17.797525
17.331333
16.742399
16.048740
15.583673
14.882133
14.076429
13.262281
12.562993
11.873275
11.637363
11.410460
11.221844
10.835039
10.599690
10.486521
10.373351
10.137440
9.949386
9.676313
9.449974
9.214625
8.988849
8.640893
8.565447
8.330661
8.067724
7.757492
7.719769
7.259769
7.184886
7.072278
6.950100
6.687163
6.687163
6.575119
6.612279
6.340333
6.378057
6.612279
7.832938
8.565447
8.640893
8.565447
8.528286
9.449974
2.906948
0.623279
0.660440
0.548959
0.548959
0.548959
0.660440
0.660440
0.502227
0.390746
0.548959
0.548959
0.502227
0.502227
0.548959
0.427906
0.502227
0.660440
0.502227
0.548959
0.548959
0.502227
0.502227
0.623279
0.548959
0.502227
0.390746
0.502227
0.548959
0.427906
0.548959
0.390746
0.660440
0.502227
0.548959
0.548959
0.502227
0.548959
0.548959
0.548959
0.548959
0.660440
0.502227
0.660440
0.502227
0.623279
0.548959
0.548959
0.548959
0.427906
0.548959
0.548959
0.548959
0.548959
0.623279
0.548959
0.548959
0.548959
0.502227
0.548959
0.548959
0.548959
0.502227
0.623279
0.548959
0.548959
0.548959
0.548959
0.660440
0.548959
0.427906
0.548959
0.548959
0.548959
0.548959
0.548959
0.548959
0.548959
0.548959
0.586119
0.427906
0.427906
0.548959
0.548959
0.548959
0.548959
0.548959
0.660440
0.660440
0.548959
0.474638
0.548959
0.660440
0.427906
0.427906
0.660440
0.548959
0.548959
0.548959
0.660440
0.427906
0.548959
0.586119
0.548959
0.427906
0.548959
0.660440
0.548959
0.548959
0.548959
0.660440
0.548959
0.660440
0.697600
0.548959
0.548959
0.548959
0.660440
0.660440
0.548959
0.586119
0.427906
0.660440
0.660440
0.548959
0.660440
0.427906
0.548959
0.660440
0.474638
0.548959
0.548959
0.586119
0.660440
0.548959
0.548959
0.548959
0.586119
0.548959
0.548959
0.660440
0.548959
0.586119
0.548959
0.474638
0.427906
0.427906
0.548959
0.586119
0.427906
0.586119
0.548959
0.660440
0.474638
0.548959
0.474638
0.548959
0.427906
0.474638
0.586119
0.660440
0.548959
0.586119
0.474638
0.660440
0.427906
0.548959
0.427906
0.474638
0.586119
0.474638
0.586119
0.586119
0.586119
0.586119
0.474638
0.474638
0.586119
0.474638
0.474638
0.586119
0.548959
0.548959
0.474638
0.474638
0.427906
0.474638
0.474638
0.586119
0.586119
0.474638
0.586119
0.586119
0.586119
0.586119
0.474638
0.474638
0.474638
0.586119
0.474638
0.474638
0.474638
0.586119
0.586119
0.586119
0.586119
0.474638
0.548959
0.474638
0.586119
0.586119
0.586119
0.474638
0.586119
0.586119
0.697600
0.474638
0.474638
0.586119
0.474638
0.474638
0.548959
0.586119
0.697600
0.586119
0.586119
0.586119
0.586119
0.586119
0.586119
0.586119
0.586119
0.586119
0.586119
0.474638
0.427906
0.586119
0.586119
0.474638
0.474638
0.623279
0.586119
0.623279
0.623279
0.474638
0.623279
0.623279
0.623279
0.511799
0.474638
0.511799
0.623279
0.623279
0.511799
0.511799
0.511799
0.623279
0.474638
0.623279
0.623279
0.623279
0.474638
0.623279
0.511799
0.511799
0.474638
0.623279
0.586119
0.623279
0.623279
0.586119
0.623279
0.623279
0.623279
0.660440
0.623279
0.511799
0.511799
0.623279
0.511799
0.623279
0.623279
0.586119
0.623279
0.623279
0.623279
0.734760
0.734760
0.548959
0.623279
0.623279
0.623279
0.623279
0.623279
0.511799
0.623279
0.511799
0.623279
0.623279
0.623279
0.623279
0.734760
0.511799
0.511799
0.623279
0.623279
0.623279
0.511799
0.623279
0.660440
0.660440
0.623279
0.623279
0.660440
0.511799
0.511799
0.511799
0.623279
0.511799
0.511799
0.660440
0.623279
0.511799
0.660440
0.623279
0.548959
0.660440
0.660440
0.548959
0.548959
0.623279
0.511799
0.781492
0.548959
0.548959
0.660440
0.548959
0.548959
0.548959
0.548959
0.660440
0.548959
0.548959
0.660440
0.548959
0.548959
0.548959
0.548959
0.548959
0.437478
0.548959
0.548959
0.548959
0.548959
0.548959
0.548959
0.548959
0.548959
0.548959
0.548959
0.586119
0.548959
0.548959
0.548959
0.511799
0.511799
0.548959
0.548959
0.437478
0.548959
0.437478
0.586119
0.707172
0.586119
0.437478
0.548959
0.548959
0.586119
0.586119
0.548959
0.548959
0.586119
0.474638
0.474638
0.474638
0.707172
0.474638
0.548959
0.660440
0.586119
0.437478
0.586119
0.474638
0.586119
0.548959
0.474638
0.586119
0.586119
0.474638
0.474638
0.586119
0.548959
0.586119
0.586119
0.586119
0.437478
0.586119
0.474638
0.586119
0.586119
0.707172
0.437478
0.474638
0.586119
0.586119
0.548959
0.474638
0.586119
0.511799
0.586119
0.586119
0.586119
0.511799
0.586119
0.586119
0.586119
0.586119
0.511799
0.586119
0.511799
0.586119
0.474638
0.474638
0.511799
0.474638
0.511799
0.511799
0.632851
0.511799
0.362594
0.511799
0.586119
0.474638
0.632851
0.632851
0.474638
0.511799
0.586119
0.707172
0.474638
0.586119
0.474638
0.511799
0.632851
0.632851
0.511799
0.400318
0.511799
0.511799
0.511799
0.557967
0.511799
0.511799
0.511799
0.511799
0.511799
0.557967
0.511799
0.511799
0.511799
0.511799
0.632851
0.474638
0.511799
0.511799
0.632851
0.557967
0.557967
0.511799
0.632851
0.557967
0.400318
0.557967
0.511799
0.437478
0.632851
0.632851
0.400318
0.400318
0.511799
0.670011
0.511799
0.511799
0.400318
0.437478
0.557967
0.400318
0.400318
0.557967
0.557967
0.557967
0.511799
0.400318
0.437478
0.557967
0.557967
0.511799
0.557967
0.557967
0.511799
0.557967
0.557967
0.557967
0.557967
0.437478
0.557967
0.557967
0.437478
0.670011
0.557967
0.557967
0.670011
0.557967
0.557967
0.557967
0.557967
0.557967
0.325434
0.437478
0.595691
0.557967
0.437478
0.557967
0.557967
0.437478
0.557967
0.557967
0.557967
0.557967
0.557967
0.595691
0.557967
0.557967
0.670011
0.557967
0.557967
0.595691
0.362594
0.595691
0.437478
0.557967
0.595691
0.557967
0.437478
0.483647
0.437478
0.595691
0.437478
0.557967
0.483647
0.437478
0.595691
0.707172
0.437478
0.595691
0.437478
0.595691
0.595691
0.557967
0.595691
0.595691
0.483647
0.437478
0.595691
0.483647
0.595691
0.483647
0.483647
0.483647
0.483647
0.483647
0.595691
0.483647
0.362594
0.483647
0.483647
0.483647
0.595691
0.595691
0.595691
0.483647
0.483647
0.595691
0.483647
0.483647
0.483647
0.595691
0.595691
0.483647
0.595691
0.483647
0.483647
0.483647
0.483647
0.483647
0.632851
0.595691
0.483647
0.595691
0.595691
0.595691
0.520807
0.362594
0.520807
0.632851
0.483647
0.595691
0.483647
0.483647
0.632851
0.632851
0.632851
0.483647
0.595691
0.483647
0.483647
0.632851
0.520807
0.520807
0.632851
0.632851
0.595691
0.520807
0.632851
0.520807
0.632851
0.483647
0.520807
0.632851
0.520807
0.520807
0.483647
0.520807
0.520807
0.520807
0.520807
0.520807
0.632851
0.520807
0.520807
0.520807
0.520807
0.520807
0.520807
0.409326
0.520807
0.520807
0.520807
0.409326
0.409326
0.520807
0.409326
0.520807
0.520807
0.520807
0.409326
0.520807
0.670011
0.520807
0.520807
0.520807
0.520807
0.520807
0.520807
0.520807
0.557967
0.557967
0.670011
0.520807
0.520807
0.632851
0.409326
0.520807
0.557967
0.520807
0.409326
0.520807
0.409326
0.520807
0.520807
0.520807
0.520807
0.409326
0.557967
0.520807
0.557967
0.520807
0.409326
0.557967
0.557967
0.557967
0.557967
0.409326
0.557967
0.557967
0.446487
0.670011
0.557967
0.520807
0.557967
0.557967
0.446487
0.670011
0.557967
0.520807
0.557967
0.446487
0.557967
0.557967
0.557967
0.557967
0.670011
0.557967
0.446487
0.446487
0.446487
0.557967
0.446487
0.520807
0.446487
0.557967
0.483647
0.446487
0.557967
0.446487
0.557967
0.557967
0.557967
0.557967
0.557967
0.557967
0.557967
0.557967
0.446487
0.372166
0.446487
0.446487
0.446487
0.446487
0.446487
0.557967
0.483647
0.446487
0.557967
0.557967
0.670011
0.446487
0.483647
0.557967
0.595691
0.483647
0.483647
0.483647
0.483647
0.483647
0.446487
0.557967
0.595691
0.557967
0.670011
0.595691
0.446487
0.483647
0.557967
0.595691
0.446487
0.557967
0.557967
0.483647
0.595691
0.557967
0.483647
0.483647
0.595691
0.595691
0.595691
0.595691
0.557967
0.483647
0.595691
0.595691
0.595691
0.670011
0.641860
0.595691
0.595691
0.483647
0.595691
0.483647
0.483647
0.595691
0.483647
0.595691
0.595691
0.595691
0.595691
0.595691
0.595691
0.595691
0.483647
0.595691
0.557967
0.595691
0.483647
0.595691
0.483647
0.483647
0.595691
0.520807
0.483647
0.483647
0.595691
0.483647
0.520807
0.595691
0.483647
0.483647
0.641860
0.641860
0.520807
0.641860
0.483647
0.595691
0.483647
0.483647
0.641860
0.595691
0.595691
0.372166
0.595691
0.483647
0.595691
0.595691
0.595691
0.520807
0.483647
0.520807
0.595691
0.520807
0.595691
0.520807
0.520807
0.520807
0.641860
0.641860
0.595691
0.520807
0.483647
0.595691
0.520807
0.520807
0.520807
0.520807
0.483647
0.641860
0.520807
0.520807
0.595691
0.483647
0.483647
0.520807
0.409326
0.595691
0.483647
0.520807
0.520807
0.641860
0.520807
0.520807
0.641860
0.641860
0.641860
0.520807
0.520807
0.641860
0.520807
0.520807
0.409326
0.483647
0.520807
0.520807
0.520807
0.520807
0.641860
0.520807
0.520807
0.520807
0.520807
0.520807
0.641860
0.520807
0.679020
0.641860
0.483647
0.641860
0.409326
0.520807
0.520807
0.641860
0.520807
0.409326
0.679020
0.641860
0.520807
0.641860
0.641860
0.641860
0.641860
0.641860
0.641860
0.641860
0.641860
0.641860
0.520807
0.520807
0.567539
0.520807
0.520807
0.520807
0.520807
0.641860
0.641860
0.520807
0.641860
0.567539
0.567539
0.520807
0.641860
0.520807
0.520807
0.520807
0.641860
0.520807
0.520807
0.520807
0.641860
0.641860
0.641860
0.641860
0.567539
0.520807
0.520807
0.679020
0.641860
0.520807
0.520807
0.641860
0.679020
0.641860
0.567539
0.641860
0.567539
0.641860
0.520807
0.641860
0.520807
0.520807
0.446487
0.641860
0.520807
0.641860
0.520807
0.679020
0.520807
0.409326
0.520807
0.567539
0.567539
0.567539
0.567539
0.409326
0.567539
0.567539
0.520807
0.409326
0.567539
0.567539
0.679020
0.483647
0.520807
0.446487
0.679020
0.409326
0.567539
0.520807
0.409326
0.520807
0.520807
0.520807
0.520807
0.446487
0.567539
0.567539
0.409326
0.409326
0.567539
0.567539
0.446487
0.567539
0.520807
0.446487
0.567539
0.567539
0.520807
0.520807
0.567539
0.567539
0.446487
0.520807
0.567539
0.567539
0.567539
0.409326
0.446487
0.567539
0.567539
0.567539
0.446487
0.567539
0.567539
0.567539
0.567539
0.567539
0.520807
0.567539
0.567539
0.679020
0.567539
0.567539
0.567539
0.446487
0.446487
0.567539
0.567539
0.446487
0.446487
0.567539
0.567539
0.567539
0.567539
0.567539
0.446487
0.679020
0.446487
0.567539
0.446487
0.567539
0.446487
0.567539
0.567539
0.567539
0.446487
0.446487
0.446487
0.567539
0.567539
0.446487
0.446487
0.567539
0.567539
0.446487
0.567539
0.567539
0.567539
0.567539
0.567539
0.567539
0.567539
0.446487
0.567539
0.716180
0.446487
0.567539
0.567539
0.567539
0.567539
0.446487
0.567539
0.567539
0.679020
0.567539
0.493218
0.567539
0.446487
0.567539
0.446487
0.679020
0.567539
0.567539
0.446487
0.567539
0.567539
0.567539
0.567539
0.604699
0.446487
0.567539
0.567539
0.567539
0.679020
0.567539
0.604699
0.679020
0.567539
0.679020
0.567539
0.567539
0.567539
0.604699
0.604699
0.604699
0.567539
0.567539
0.679020
0.567539
0.604699
0.567539
0.446487
0.567539
0.604699
0.567539
0.493218
0.604699
0.567539
IMU: Disconnecting
IMU: Disconnected
END
100010
In Destructor of Log2 object, closing fstreams, setting pointer to null
100011
